272	99	272	99
512	629	512	661
282	839	282	421	924
542	539	539
412	179	179	412
692	689	689	690	689
802	889	889	200	285	889
162	589	589	860	118
732	509	120
92	149	970	92	149
982	559	890	875	164	982
192	159	310	621
522	89	577	830	988	830
912	79	734	912	331	840
302	329	314	593	885
572	89	464	621
712	179	875	712	701	630
552	9	663
812	139	403	935	594	935
742	359	593	488	220
92	139	583	388	550	388
202	709	473	358	785
572	749	8	670	572	749
92	599	518	213	164	981
572	470	785	470	572	785
432	800	523	465
822	320	48
592	690	448	592	291	690
892	830	28	764	830
622	70	68	404	70	289
412	180	238	733
262	60	528	913	26	60
272	40	786
432	737	432
332	997	490	332	969
342	67	574	195	609
122	477	534	325	631
122	627	413
522	627	763	18	246	260
72	287	356	72	965
22	394	659
732	384	409	732	745	321
262	874	109	870
562	184	269	880	838
152	24	735	563	24
302	204	235	471
622	544	403	5
412	604	528
472	674	458	472	795
22	694	648	130
182	584	428	260	428
902	674	198	674	176	487
92	154	358	801
672	764	381
102	724	221	724	603	205
862	675	862
152	625	152	625
732	765	732	765	732
822	875	822	875	822	116
82	375	82	375	539	82
482	485	689
122	865	9	122
782	85	559	748	293	85
982	245	130	982	98
22	825	650	22	571	907
762	505	70	505	189
512	355	920	355	996	671
422	495	620	495	311
892	175	520	296
952	635	920	236	64	236
162	945	854
292	985	824	643	985
312	5	684	486
872	415	514	956	130
452	245	245
892	625	625	892
512	425	425	512	651
402	465	465	560	981
342	395	395	484	401	70
832	755	755	333	755	832
942	595	623	942
192	995	3	129	80
162	585	533	339	533	916
722	125	13	524	125	970
322	175	633	704	175	781
622	445	363	445
512	315	113	78	151	697
142	625	313	501	544	142
942	995	323	271	271	942
562	95	73	571	571	73
942	445	466	942
522	375	496	522	768
672	185	126	672	521	490
612	255	141
242	85	931	242
772	795	931	320
492	995	131	220	586
32	695	151	677	260	628
122	535	711	574
482	335	111	344	482	830
892	695	901	424	892	568
272	215	401	698	272
922	545	661	48	960
862	875	641	418	154	875
542	843	278	974	326	871
472	563	178	1	472
882	98	882
792	388	792	129
432	318	432	499	153
142	938	142	164	185
272	768	272	768
722	638	722	638	722
842	358	842	358	842	433
352	608	352	421	834
402	628	609	570	105	771
92	618	29	234	446	487
992	328	449	223	328
252	168	99	168	834
552	748	60
522	608	520	522
172	358	660	172	429
2	668	840	2	668
302	438	740	799
382	598	810	724	341	223
302	928	770	125	302
892	98	950	785	892	950
262	378	900	135	529
42	618	470	235	711
632	78	750	721	750
482	718	687	482	718
662	388	877	662	671
392	78	364	392
512	338	154	999
922	988	424	653	56	700
72	288	494	913	686	913
962	178	574	933	911
652	568	374	236	290
192	378	384	356	430	965
442	228	814	246	741
552	698	184	186	41	552
122	48	164	261	570
962	688	795
602	868	295	602
92	478	975	100	100
792	238	65	44
852	438	933	852	438
212	648	443	212	736	81
932	908	423	854	709
182	998	323	634	535	661
382	988	803	803	215
2	668	703	756	50
262	768	768	262	917
792	188	188	792	845	771
542	538	538	542	826
662	818	818	10	662	818
242	438	438	940	685	961
632	808	808	160	46	421
992	28	28	214	899	450
842	458	458	234	770
762	328	328	554	136
612	828	828	854	966	7
922	318	106	260
642	688	686	300	635	723
92	868	896	830	896
122	708	166	647	274	595
552	988	606	314	345	380
302	548	86	484	565	593
82	208	906	94	906
652	388	336	963	695
422	628	206	933	215	933
472	398	841
692	998	801	692	998
332	408	311	167	332
862	368	11	704	862	159
32	848	681	4	666	681
982	526	982	215	982
682	366	682	818	723	535
842	226	800
862	576	417
362	326	757	300	995
722	186	197	800	186
52	386	687	350	891
452	286	837	114	255	660
342	276	767	473	788	490
102	366	584	439	380
602	266	694	981	694	602
852	526	625	573	688	691
252	346	683	715	34	252
432	956	53	408
682	476	476
762	746	746	762	904
2	976	976	2	668	91
872	866	866	872	981	860
2	776	776	710
292	546	546	210	5	481
742	236	236	40	368	991
842	376	376	820	376	376
242	746	746	540	821
202	446	446	780	871	446
202	766	766	604
282	906	906	494	906
72	896	896	804	896	60
322	196	196	154	196	217
472	26	26	634	26	601
222	456	456	473	588	781
182	886	501
952	116	81	952
102	116	531	102	58	360
992	836	261	992	628	261
532	476	451	390	390	398
12	626	621	970	418
52	356	391	560	28	885
142	546	721	224	15	721
842	36	101	244	498
92	276	511	914	511	850
382	816	31	473	188
922	856	271	618	180	618
232	41	120
192	971	120	516
62	1	497	62	578
62	561	667	753	98	561
912	701	794	526
592	731	933	385	910
862	891	753	905	680	258
932	301	943	35	824	932
812	871	508	544	812
712	501	501	712
342	601	601	342	74	515
702	311	311	702	958
742	181	181	20	235	909
142	411	411	290	385	411
422	1	1	570	478
162	871	871	520	538	765
242	31	31	90	556	31
692	421	421	534	519
412	621	621	374	68	420
282	11	11	423	978	605
549	222	549
819	592	819	592
869	322	869	869	550	458
49	432	49	880
949	62	949	433
59	802	970
319	712	580	48
529	152	657
579	612	377	283	283	295
69	12	934	795
699	192	114	278	192
439	802	354	258	354
979	502	564	536
539	92	635
729	12	775	12	364	729
299	32	45	299
429	82	725	429	82
659	62	365	659	540	908
959	722	145	634	743
939	442	475	475	500	208
489	722	905	621	722
299	772	445	201	433	445
879	262	643
179	62	43	74	585	530
819	432	358
339	732	898	732	181
239	802	48	290
499	622	808	890	808
769	2	968	994
79	442	278	305
689	172	838	875	160	689
449	22	978	695	550	978
429	472	88	443	443
759	652	308	308
579	672	128	766	721
979	32	668	21
619	792	728	911	960	728
29	412	938	841	123	896
169	112	708	711	708	100
19	682	48	991	896
589	542	896
199	322	296	157
769	642	956	127	270	769
459	292	196	287	260	260
579	542	366	357	750	848
969	362	86	914
839	732	426	185	831
829	872	446	446	204	410
689	602	321	602
99	592	381	350
579	482	781	20	478
899	672	791	424	853	105
769	120	912	769
749	690	302	749	690	485
509	50	132	509	50	988
669	260	392	54	268
59	90	492	195
689	320	902	525	320	668
169	520	342	818
339	750	42	118	864	750
149	110	512	798	481	627
649	700	312	746	257
789	370	252	591	537
739	490	739	3
459	720	720
809	280	280	809
229	870	870	68
979	220	127	462	464	738
619	660	377	563	408	555
159	220	337	823	968	476
629	980	757	773	58	541
699	560	124	105	413	856
349	860	974	396	261
999	550	715
539	630	115	382	698	283
949	410	695	282	321
409	410	125	409	602
489	300	595	300
849	50	685	314	50	488
209	630	155	155	630	311
189	680	845	93	611	680
659	540	645	716	540
169	810	545	66	810	545
789	740	935	751
39	560	225	281	560	868
99	440	765	61	424	765
459	960	453	701	712
579	620	718	372	867
789	660	938	12	761
719	660	668	212	501	660
559	30	148	30
979	300	508	894	979	300
629	470	338	845
199	170	336	302	415	199
519	70	286	70	70	519
919	90	446	90	8	411
429	110	686	134
869	290	376	414	98	290
409	800	796	274	796	531
109	590	516	516
819	90	996	996	542
319	540	931	12	924	305
979	800	31	902	548
279	130	901	130	845	901
29	220	231	220	78
49	180	351	180	476	351
939	190	381	644	415
509	607	132
79	817	302	424
149	97	562	195
789	337	362	928	155	362
159	367	750	758	944
709	927	683	945	774
929	967	563	563	405
59	497	343	471	944
499	834	62	200	385	200
849	184	612	725
969	314	969
689	594	689	689	250	608
749	604	749	604	640
79	804	79	804	535	740
329	394	329	495	702
99	614	99	35	241
89	814	89	456	791
779	994	570
999	324	340	245	340
289	154	20	158
849	774	300	856	774	856
739	574	710	871
689	664	550	111	550	918
59	584	584	63	59	63
9	294	475
169	314	125	592	518
409	304	385	409	440	158
639	384	475	910
229	784	635	370	98
139	14	835	380	888	223
559	434	705	705	870	948
179	794	185	921
669	674	793	669	330
849	214	923	436	880
49	154	983	851	872
339	924	518	339
179	404	998	710
879	754	608	671
199	344	238	601	650	55
539	924	496
629	974	276	577
519	844	336	927	620	519
99	814	486	237	930	498
139	84	166	75	962
209	444	746	746
639	874	56	61	62	639
759	354	491
159	724	331	852
359	644	721	390
749	294	921	860	578
99	174	141	277	170	428
419	854	911	953	715	320
189	824	941	941	733
439	143	702	791
809	353	872	571	700	809
659	413	22	121	870	488
559	603	559
599	523	599	599
289	823	289	289	220	289
569	523	569	569	120	668
839	203	839	839	904	690
429	273	429	273
739	893	700
999	643	810	178
789	63	790	6
439	33	20	276	985	471
249	483	890	536	141
909	653	454	775	462
889	763	304	651
599	783	254	981	400	599
629	13	675
799	103	205	632	871	690
709	153	485	940
849	453	365	920	920
889	503	635	635	642
889	473	85	85	473	201
219	433	295	433	538
419	53	185	396	254	460
879	13	55	431
449	283	283	449	702	449
999	473	473	305
159	473	473	588
489	913	913	48	140	489
419	783	598
609	613	958	882	609
309	223	918	842	309	223
699	153	568	880	880
399	913	938	514	722
29	623	18	835
829	443	678	796	762	829
239	203	758	506	680	758
139	513	858	981	520	858
379	453	178	901	816
419	143	76
779	453	786	282
419	603	106	42	419	797
389	3	616	350
469	763	976	10	138
149	583	676	584	676
249	433	946	946
559	993	806	806	340	348
769	693	521
109	613	381	682	458	109
429	533	991	382	991	500
409	333	401	990
739	683	451	470	739
339	753	251	840	138
429	313	431	224	726	747
689	473	11	11	300	689
349	643	491	491	590	918
29	288	672	994	255
519	638	182	434	495	940
209	28	62	945	661
629	778	452	461
879	468	932	641	420
799	148	840	22	799
129	568	150	282	568
779	128	790	790
439	288	260	676	676
359	768	730	566	631
109	858	504	302	386
309	118	114	940	309
439	838	924	750	838
89	128	294	530	376	201
479	588	574	455	455
439	278	433	534	131
319	498	693	185	732
179	8	903	335	410
889	758	263	435	850	758
599	758	353	296	296
10	642	935
370	992	448
620	662	648	620	739
480	122	378	855
260	642	638	125	260	638
510	802	688	231	787
620	152	156	620
110	382	216	110	628
880	562	216	334	880	668
100	162	236	401
140	872	836	741	140	48
320	192	171
200	592	751	200	875
830	852	471	830	58
130	582	341	256
540	809	809	540	618
840	579	579	614	756	667
510	829	829	93
660	569	660	602
190	819	987
320	839	764	551
810	869	454	441	293	698
310	310	288
170	170	898	694	170
690	514	719	690	365	241
390	644	29	390	888
700	524	881	457	700	228
660	15	442	660	15	442
300	885	172	181	300
900	335	729
550	205	989	550	832	488
350	655	59	350	59
880	135	979	880	688
40	365	149	40	348	40
420	625	849	754	131	420
610	45	619	3	548	610
510	365	169	223	886	886
770	325	317	972	411
880	735	735	880	662	799
580	765	148	503	503	141
550	265	786
830	35	806	422	35	519
620	535	716	732	841	620
30	715	666	30
760	555	726	760	632	961
630	705	136	630	981	630
40	605	756	151	782	8
10	295	971	252	379
860	445	931	860	568
730	815	251	234	642
570	285	361	524	188	570
690	645	161	113	645	690
650	355	271	438	650	650
80	633	462	785
770	543	415
690	323	76	292	211	690
770	163	816	834	319	770
980	993	46	304	25
270	768	282
880	208	372	389	880
100	478	942	316	100
940	648	812	496	940	899
80	558	112	896	80	558
210	348	569
460	68	460
530	598	584	872
440	348	75	440
130	438	403	29	130
460	628	173	99	460	99
270	78	523	526
750	648	133	56	750
970	38	38
940	208	208	112	245	529
230	938	938	422	955	431
570	508	508	262	311	262
250	578	578	784	981	250
0	658	658	913	658
370	188	206
880	708	861	947
750	38	701	847	750	55
60	736	60	948	60
410	356	387	654	285
260	706	495	260
840	86	86
800	756	756	800	949
680	366	366	513	674	855
650	516	391	542	379	353
500	756	71	802	71	500
870	456	691	870	568
730	416	841	278	730
60	586	881	428	204	485
890	861	2
0	441	997	212	665	0
710	981	657	710	665	710
480	281	477	480	658
250	301	617	74	179
990	141	867	364	179	990
970	591	47	524	285	970
840	1	207	315	983	786
140	571	407	293	426
340	571	555	202
967	402	999
217	312	429	429	790	425
957	102	739	739	494	880
417	432	449	449	263
917	232	149	730
677	282	830	721
267	512	267
357	332	34	105
727	82	884	345	190
497	732	944	28
737	482	844	888	819	203
117	322	14	468	990
687	202	334	18	500	739
57	482	174	678	490	215
397	552	835
147	662	185	139
217	822	665	99	560	99
747	342	805	349	670	948
217	192	335	335	192
617	662	245	526	662
377	532	15	486	720
897	522	935	661
557	742	203
727	802	103	988	84
7	302	638	302	966	966
627	832	908	279
837	252	718	279	890	635
7	902	138	339	280	138
7	772	678	950
637	2	558	714	16	637
397	402	518	595
757	612	438	438
787	532	858	796	787
987	692	138	771
447	22	858	421	344	65
887	892	266	892	85
907	492	366	907
927	402	486	927	650	318
627	2	296	296	2	478
427	372	816	121	372
907	702	36	831	240
267	662	776	971	230	205
767	992	66	41	740	458
577	972	131
217	472	901	710
187	942	361	870	18
557	582	851	557
447	582	41	447	844
737	842	261	318	90	599
857	822	21	21
497	842	191	191	760	659
97	672	961	961	0	548
77	230	762	559
417	810	192	799	810	799
687	530	192	199	530	618
817	530	922	548
167	120	802	58	120	58
687	360	312	398	356	360
377	830	402	828	196	621
837	170	102	598	141
627	990	682	358	681	627
787	750	102	848	141	956
807	460	532	211
177	20	12	641	20	868
557	400	622	971	557
947	830	109	830	718
687	410	410	989
17	250	250	99	250	758
517	800	800	828
887	260	574
127	920	644	644
397	990	164	178
797	900	215
377	980	505	352	899
977	460	345	889
287	170	745	745	162
867	140	425	425	214	425
477	350	155	21
7	410	5	781	410	318
847	740	228
887	280	248	439
257	760	8	229	760	8
67	260	948	260
537	520	808	520	982	641
767	220	108	220	804	45
267	750	218	750	503	665
527	500	748	500	871	933
247	610	838	64	73	41
17	400	98	515
17	490	778	305	490
527	510	768	115	14	792
287	230	628	523
737	70	478	873	494	689
657	200	548	243	594	785
877	760	218	553	265
207	410	808	786
177	130	208	826	130
7	510	458	456	510	9
687	30	88	706	554	88
567	490	176	931
487	170	161
327	300	831	300	678	373
627	480	21	21	480	238
757	954	212
787	414	312	115	521
77	154	432	271	60
67	84	849	849	60	765
937	844	879	330
397	944	129	890	129
197	774	409	920	848
407	814	690
707	834	660	309	660	158
127	384	590	928	803	155
487	724	490	428	93	46
937	84	855
697	334	895	829
427	74	575	389	990	188
167	704	15	453	704	929
87	894	395	301
997	834	745	21	60	558
497	684	688	340
967	754	388	190	809
417	474	68	10	68
787	94	878	903
987	524	888	76	60
977	124	686
517	134	486	517
297	494	566	925
467	314	576	576
477	864	576	576	200	818
457	244	516	891
797	54	746	551	54	830
327	494	166	291	843	485
457	174	241
847	34	941	847	980
417	524	701	417	760	448
357	104	971	971	500	868
667	933	302	338
87	253	802	358	39
587	873	132	888	476	180
517	243	352	886	241
647	293	509
707	383	969	969	10	25
817	873	539	539	580	938
257	723	440
287	513	720	258
857	753	614
877	683	654	715
557	423	424	656	790
437	923	784	276	981
177	773	44	21
557	123	155	409	442
537	843	845	369	843
227	383	535	40
37	823	915	0	266	731
87	183	955	164	320	539
827	153	905	153	158
717	303	303	829
427	3	3	589	280	589
147	863	863	519	354	530
827	643	643	149	643	643
937	303	303	755
197	563	563	576	960
7	503	503	956	7
797	953	953	111
907	523	523	261	520	558
187	353	278	612
337	773	318	459	110
187	103	478	275
497	23	888	485	720	359
257	563	438	245	190	438
327	393	788	745	850	421
307	453	458	458	804	349
157	683	558	558	683	558
707	323	758	446	530
57	943	278	356	70	278
107	773	798	936	181
417	103	976	390
647	473	216	840	109
387	13	286	424	600	618
747	823	446	61
947	413	606	261	620	868
517	663	306	341	514	30
707	93	251
647	813	901	734
127	373	981	981	600	558
454	832	753
84	809	662	255	911
944	389	389	62	481
624	319	720
134	629	560	722
874	359	370	732	370	359
684	9	60	282	621	60
734	19	70	734	526	931
754	699	510	376
224	419	224	313	101
344	679	344	561	150
304	209	43	156	860
694	387	694
974	885	372	885	380
574	205	729	82	205
924	535	899	592	535	410
894	105	759	542	968	791
914	345	229	680
574	895	159	910	910	159
874	865	299	420	865	420
324	735	979	30	735	201
54	75	149	54	21	210
964	445	89	273	273	578
844	85	799	988	844
484	655	580	378	31
924	665	947	310	598	310
334	685	334	193	685
414	75	414	501	414	976
244	105	105
714	695	695	712	371	230
574	35	35	570	688
734	945	945	30	786	786
724	395	395	580	676	511
454	175	175	310	821
144	505	873	505	730
4	825	973	926	4	825
924	215	528	93
204	75	508	483	922	419
94	975	726	862	975	460
434	965	536	850	612
954	605	96	770	770
744	835	876	180	180	748
194	675	876	740	78	391
274	975	326	860	761
754	855	246	987	743	490
714	615	966	714	499	300
394	115	156	394	156	701
124	985	306	31	772	758
174	135	1	290	135	629
964	745	131	350	745	131
974	425	171	670	308
424	825	1	370	498	825
234	855	431	234	855	640
374	675	601	233
384	785	641	353	260	819
894	855	741	683	855	780
624	135	411	283	388	411
484	133	519	522	381	740
4	203	299	4	299	410
674	203	289	674	685	730
334	583	69	334	131	940
244	223	809	223
114	193	799	193	96	193
594	173	855
384	3	185	3	185	300
454	763	311	152
484	348	342	339	660
44	698	212	511	480
584	528	20
734	568	170	655	170
664	28	664	612	225
264	408	264	929
214	568	214	949	50	186
194	848	194	9	194	55
994	718	994	266
174	708	174	486	910	599
824	758	824	716	824	125
244	608	244	811	244	106
814	938	83	245
544	518	173	365	810
44	448	143	725	140	448
734	956	262	991	734	905
594	446	83
54	496	496	790	54
44	266	266	44	501	750
424	436	101
184	181	100	118
554	101	577	20	538
204	21	566
515	452	452
215	982	979	979	940	508
135	102	109	514	858
175	242	110
575	832	304	832	399
135	792	884	792	135	421
445	382	764	689
335	422	74	335
115	2	814	243
455	692	904	246
105	142	234	266	637
795	502	795
455	972	455	972
525	392	525	499	684
945	332	945	30
155	502	155	890	626
255	72	255	763	434	709
555	402	555	801
965	422	453	376
65	752	748
755	662	358	889
915	882	358	209	153	153
105	422	128	680	476
265	502	48	204	265	610
855	622	418	418
45	502	658	658	502
355	552	208	208	552	576
185	902	266	902	108	189
495	162	686	727
835	772	86	424
745	352	176	894	473	745
415	772	546	841
115	72	911
885	872	621	872	885	621
175	932	531	130	476
425	362	511	317	560
15	172	441	447	10	758
885	962	791	204	123	885
175	762	781	718
985	512	301	288	103	985
615	682	31	31	360	948
845	190	282
745	370	12	101
345	510	822	721	510	345
635	960	472	811	7
725	900	459	459	900	378
515	780	780
525	690	690	359
325	820	820	949	820	358
805	930	930	699	66
115	70	70	518
575	540	540	856	540
585	650	650	171
815	0	374
275	810	384	446	941
515	840	515	231	832
415	450	73
875	970	133	875
25	370	428	824	25	370
555	760	86	760
675	950	376	197
505	990	936	936
195	340	566	971
605	690	556	1	690	498
195	70	311
875	780	121	780
975	60	711	60	268
175	790	471	597
565	610	591	827	610	128
865	100	691	544
95	0	181	181	0	259
425	160	301	301	160	808
655	404	902	781	902
415	414	169
625	544	519	862	625	862
495	184	349	420
125	854	29	854
875	634	79	653	398
5	314	5	910
465	664	465	793	465
775	264	775	261	757
25	424	233	631	902
745	864	806	930	864
405	974	746	405	842	746
935	54	56	56	480
575	34	741
55	254	71	100	178
775	774	61	187	160	228
785	174	241	174	639
85	534	891	413
205	134	941	803	205
115	94	581	98	763
345	384	881	881	790	408
365	43	292
325	753	659
575	473	839	839	440	988
585	593	499	530
545	563	199	350	199
795	843	309	524
215	673	629	673	756	390
995	813	704	995	711
395	893	764	278
715	833	304	546	900
685	683	685
925	493	925	382	114	9
5	363	5	762	364	358
85	103	85	392	85	310
745	653	745	159	552
745	153	745	309	153
665	833	665	0
355	393	355	430	355	430
435	533	435	630	435	901
315	433	315	470	826
5	483	5	140	211
405	873	405	474	873	405
25	63	25	25	922	261
315	703	315	181	122	315
285	413	413	285
45	653	653	186	490
595	763	763	356	180	698
825	663	368
205	13	598	612	598	29
995	163	548	852	841	390
505	363	968	194
195	483	278	874	702
755	3	508	774	550
775	823	648	264	931	680
25	93	868	561	987
225	423	586	940
615	893	446	550	72	615
865	603	556	500	959
745	3	576	350	648
745	473	206	464	745	970
85	823	361
135	83	951	232	135
875	273	871	672	871	50
185	913	881	850
215	23	91	190	369
985	863	171	60	38
465	243	881	857	270	858
425	153	741	464	153	425
95	911	447
723	552	188
163	782	398	490	969
123	252	546	290	252	735
403	212	866	990	866
3	422	176	224	176
43	382	26	121
533	62	311
323	262	231	920	262	18
603	712	591	420	615
293	912	641	687
213	542	441	647	910	79
793	629	462
703	849	849
943	939	939	714	346	217
143	739	739	726
253	159	110
533	789	540	533	535
163	989	164	546	331
103	399	103	678
623	559	623	308	80	559
663	599	186	663
553	630	475	624	475
773	790	308
993	890	736
413	27	644	302
753	607	753
193	724	724
293	334	125	351
33	804	486	804	355
253	235	382
263	645	309	454	645	940
813	555	840
783	205	130	478
713	75	454	713	75
593	755	56
643	475	76	750	581
503	575	786	14	259	390
313	215	961	313
713	713	294	39
413	413	145	436
703	703	135	411
143	143	218	809
113	113	611	564	749
793	748	972
193	218	862	249
353	818	242	85	211
73	758	852	591	470
653	238	372	21	653	238
133	38	369	222	614	255
103	488	219	390	488
143	158	800
823	898	120	802	629
363	258	370	795	589	72
83	278	594	370	935	1
73	428	604	397	73	965
633	58	194	706	633	275
873	218	775	752
873	848	435	862	921	730
453	668	735	294	556
223	398	223	384	39	730
503	48	48	294	636
113	588	621
303	108	861	130	861
313	618	21	997	364	779
563	878	591	77	563
453	336	480
43	266	844	49	620
273	276	904	170	218
893	406	893	385	680
253	6	6	670
943	496	496	360	414	85
913	6	441	340	394	385
803	456	321	920	815	321
303	771	902	771	320
743	681	147	490	308
223	821	254	642	865	821
253	651	154	253	406	590
343	411	344	411	344	876
773	71	773	496	514	496
113	661	661	832	568
573	11	11	820	838
213	501	501	213
268	272	272	819
168	752	752	406	697
678	562	779
808	982	169	982
238	932	939	932	238
918	752	929	184	752	995
998	362	449	664	664
58	162	969	754	633
508	242	529	624	286	97
348	262	859	253	765
488	762	297
998	652	807	189	652	998
438	232	534	232
798	82	14	489
678	362	784	989	330	678
728	432	174	605
148	2	154	265	780	148
218	892	934	933	934	789
458	262	394	486
18	502	824	556	310
548	602	174	986	260	659
458	502	944	376	620	458
568	572	454	596	454	145
288	782	965
388	2	965	2
838	422	325	269
488	442	295	789	442	295
788	72	275	189	680	788
788	12	715	819	694	788
948	22	815	310
848	772	165	404
188	402	605	354	219
178	942	125	874	125	590
68	752	535	535
708	982	295	711
408	782	125	261	782	125
478	252	965	331	840	478
478	572	478	130
858	152	858	674	686	397
248	82	856
318	772	636	772
38	172	776	172	205	921
8	212	816	40
258	92	736	550	35
198	402	276	450	198
928	142	316	427
398	412	946	437	970	398
538	42	426	984	753	685
748	982	946	946	20
48	762	746	161	730	48
888	562	921
798	972	801	972
698	262	611	540
158	232	501	830	449
648	52	791	780	648
558	622	681	517
458	402	851	297	270
478	782	581	767	960	59
998	392	881	27	10	998
78	542	131	294	575	150
248	952	411	714	933
708	742	141	534	823	745
328	342	981	374	981	750
78	62	221	753	753	615
868	372	611	611	372	115
458	372	371	371	960	845
78	532	821	821	10	78
728	282	751	751	174
468	402	311	311	433	165
218	440	442
418	970	462	529
628	890	792	899	899
528	180	312	209	180	528
68	80	142	68
778	700	462	778	700	778
198	80	402	66	423	985
438	650	269
698	970	599	672	775
248	280	509	82	248	280
748	440	799	462	748	985
48	340	269	752	48	71
718	800	749	882	441	800
318	250	859	859
608	420	279	279	420	735
338	240	769	769	240	338
198	640	949	640
578	430	659	430	430	659
398	610	319	344	382
158	870	49	833
58	10	10
928	640	640	829
488	90	90	269	90	269
518	720	720	839	720	535
358	200	200	389	200	358
458	370	370	445
178	270	270	646	270
428	730	730	566	991
998	180	180	41
728	380	687
38	820	867	642	864	38
28	140	707	862	546	707
598	510	587	510	892	459
478	220	287	220	102	478
488	110	637	110	242	671
988	450	427	573	450
428	520	477	353	353	399
78	30	834	895
558	500	624	295	462
478	580	344	15	146
498	410	774	426
258	950	314	31
478	670	94	281	670	478
318	410	605	619
378	100	815	679	100	378
788	740	375	740	966
908	250	85	250	351
868	50	825	424	825
808	440	165	404	626	147
158	570	925	925	570
958	80	475	475	80	701
298	960	595	595	264	595
638	780	755	601
498	950	125	341	950	849
68	30	35	231	30	30
18	680	755	411	680	18
738	380	738	332	701	380
338	840	338	840	202	769
868	900	868	900	900
848	130	848	130	195	271
818	520	818	4	656	520
738	220	738	613	613	821
548	520	56	520	482	231
78	980	696	980	759	552
208	980	146	980	980
648	850	466	850	850	859
838	990	906	990	45	29
108	430	676	430	365	430
548	560	176	560	965	801
668	210	886	210	171
508	400	696	117
988	90	186	577	363	90
318	270	726	684	609	270
818	270	856	674	795
888	640	126	924	995	902
128	440	6	794	6	91
488	60	156	733	488	671
318	690	386	991
208	550	626	331	550	208
978	660	286	931	660	286
638	830	636	341	734	638
468	160	506	371	74	506
358	930	641
558	440	971	172	344	785
678	800	871	852	165
538	350	141	752	538	739
328	70	31	492	328	70
748	860	201	860	395	860
858	500	121	500	105	121
238	180	361	180	656	361
328	670	611	447	670
168	240	411	24	602
138	30	51	934	30
758	480	521	584	480	758
38	630	101	974	315
648	310	571	804	5	442
318	430	491	864	318	430
928	650	501	723	928	501
558	380	991	63	406	406
298	70	61	298	522	429
298	250	81	298	250	250
818	490	901	818	13	901
518	800	681	681	800	869
168	240	981	981	240	168
638	47	402	766	53	645
798	187	500
608	597	360	232
228	287	610	610	295
588	827	280	774	175
978	267	400	571	213	978
38	527	594	355	160
298	367	4	465	323
188	607	763
628	224	972
798	204	962	465	101
558	834	392	821	392
158	154	89
608	544	939	939	60	235
118	164	989	989	730	118
688	434	459	970
898	924	939	430	905
938	154	79	770	305	891
268	224	379	670	268
838	644	220
778	184	780	778
878	534	55	429
578	554	875	59	380	59
98	404	45	300
228	164	235	235	720	228
238	214	775	816	20
718	674	535	226	780	718
228	874	353
148	604	723	231
248	874	843	511	690	248
388	874	986	720
578	914	956	330	605
718	214	496	830	718
108	354	786	137	354
668	184	836	836	230	668
748	324	66	731
678	754	421
848	64	511	792
438	334	371	120
518	253	332	489
18	73	342	669	680	669
148	423	202	299	680	148
378	43	922	275
168	563	162	168
808	953	632	808	700	808
358	623	892	316	531
698	853	49
68	673	239	239
238	873	269	269	694	455
168	503	759	140
328	643	829	130	815	451
788	373	129	160	373
888	103	980
728	433	340	979
158	673	470	158
918	653	807	612	515
458	213	44
718	873	814	769
218	743	4	701
788	323	705	659
618	733	495	989	690
218	133	565	169	133
278	253	755	910
438	93	93	289
918	383	383	875
868	903	903	936	242
688	913	913	526	671
78	283	283	381
708	3	3	301	950	179
558	303	303	851	710	558
388	183	806	350
628	443	616	280	999
648	823	106	430	901
658	223	256	584	580	69
568	723	506	294	0	568
448	383	326	614	185
178	53	846	846
288	593	196	196	220	288
608	913	646	701	970	608
658	233	356	551	658	412
858	643	431
558	713	491	12
408	463	751	612	495
118	163	131	802	131	270
738	923	841	220
408	723	421	250	408
908	303	501	297	180	908
248	473	951	473
248	773	281	773	248
748	663	171	171	642	475
178	433	171	171	260	275
708	333	531	531	90	708
246	902	902
226	82	609
416	982	189	189	120	185
576	192	439	20
746	262	449	897
406	462	469	227	990
176	292	229	44	176	641
466	862	199	653
246	942	519	68
716	712	410	431	410	668
726	512	567
306	262	87	87
686	292	934
46	312	534	39
826	832	124	555
586	972	854	865	571
726	352	924	768
26	312	824	971	487	640
296	502	755
746	592	365	592	14
106	92	675	519
146	772	515	609	772	515
106	812	755	649	510	649
186	152	985	939	310	268
126	702	865	389	187	824
816	582	185	380
776	492	225	934	490	776
736	752	165	736
506	442	275	506	140	4
606	992	925	606	564
866	642	465	841
766	522	775	331	594	958
96	762	285	711	923	285
416	252	183
506	2	938
236	882	298	882	882	369
376	42	238	609
126	672	668	840
16	782	558	514
136	432	368	945	432
506	242	858	243	599
106	532	318	103	525
596	432	78	543	596
306	352	818	818	352
96	592	8	96	592
136	372	68	136	340	185
466	992	28	371
426	82	108	161	873	108
736	692	736	692
386	812	386	812	795
36	82	36	82	985	854
86	392	86	627
896	772	896	554	285
126	192	126	394	545	500
896	742	651
616	782	981	782	525
486	432	551	432	558	432
796	232	921	530
866	762	671	910	910	445
806	72	321	504	745
406	972	11	984	985	580
816	232	341	204	248	100
936	542	561	658	553	35
246	689	690	302	421	927
406	160	102
266	270	872	387
386	390	162	718
376	260	292	598	260	99
336	770	982	958	770	958
916	400	322	916	803	755
676	400	892	91
956	910	22	501	910	559
356	710	992	651	710	688
696	330	262	901	787	330
436	20	499	682	35
546	930	419	302	741	930
566	80	919	80	475	341
496	840	840
56	300	300	549
546	590	590	129	590	129
746	60	60	329	60	678
796	330	330	865
376	0	0	685	344	0
696	940	940	298
66	410	410	66	410	410
476	430	430	911	647	430
536	960	924	125	960
376	260	604	55	260	328
156	120	974	156	120
726	140	484	931
166	70	125
176	650	675	732	291	650
56	20	665	319
296	180	205	379	180	180
436	290	695	439	290	88
866	120	305	164	773	958
346	280	975	975	432
786	280	85	85	280	131
816	210	225	225	424	441
756	100	415	756	392
6	750	95	6	750
906	710	825	906	710	909
266	590	865	266	373
126	460	535	126	913	988
596	330	235	401
356	670	768
36	20	878	272
146	420	388	792	534
486	500	388	500
396	470	688	470	117
636	450	128	450	825	450
916	660	948	964	660	916
226	760	768	424	885
746	970	218	844	95	970
526	140	518	884	703
966	0	368	383
516	600	568	713	375
626	720	298	243	243	515
206	960	238	573	573	401
316	690	638	633	316	972
846	30	808	808	22
966	590	478	478	282	855
96	410	938	31
616	340	178	591	252
806	700	806	806
36	920	36	641	920	641
726	940	726	561	944
706	70	761
996	830	861	382
36	900	211	262	900
536	270	801	677
546	730	711	144	730	298
696	810	381	743	135
146	750	511	223	146	750
996	990	391	391
936	70	151	151	70	70
26	680	141	141	680	948
336	387	602
456	407	722	409
636	847	722	199	0
986	407	522	579	170	579
516	437	552	119	600	348
346	717	882	717
886	567	12	567	34
486	477	152	477	674	755
676	397	52	585
416	707	162	865	865	162
536	877	322	115	536	322
46	867	562	805	751
256	897	892	168	779
316	77	192	348	810
656	487	882	8	400	8
326	427	892	888	765
456	627	822	711
936	527	582	491	582	855
36	27	810
816	947	20	662
616	777	240	802	108
536	447	420	532	438	809
206	527	370	212	668	206
46	627	450	812	91
376	827	520	772	861	827
216	297	150	179
246	37	280	209	280	228
566	547	30	30
496	407	810	810	915
986	917	470	470	288
96	407	760	760	281
166	237	970	745	99
996	187	600	568
376	167	660	201	167
366	907	984
756	147	204	289	360
676	297	114	840	939
826	157	854	370	88
566	197	174	150	566
246	657	884	180	246	201
776	307	784	307
436	847	454	385
536	697	14	625	880
346	77	884	495	40	38
56	337	4	558	970
26	617	804	858	858
706	27	154	788	921
426	737	864	426	737
596	867	814	596	295
396	217	994	421	532
226	717	33
596	637	873	202	789
986	77	743	302	961
556	977	563	989
146	927	263	529	250
616	797	703	219	460	978
916	927	543	850
46	727	183	790	658
36	557	633	557	910	681
566	487	823	375	970
236	77	833	833
606	157	703	703	269
96	377	983	983	174
226	237	103	103	588
86	927	523	523	141
326	477	413	668
706	767	963	158	872	675
406	927	993	388	520
266	857	203	548	720	489
936	567	723	288	690	288
516	387	23	858	795
376	97	243	658	1
886	37	243	488	941	886
576	777	273	931
866	947	843	841	110
786	237	843	51	51
716	957	898	552	429	957
776	987	48	960	849
226	347	478	620	620
516	907	398	260	15	209
196	827	738	904	155	210
46	217	438	274	751	440
286	864	9	9	650	878
666	784	29	440
716	554	739	640	739
26	594	939	740	308
296	14	129	340	296
626	984	179	497	900
616	894	499	894
316	274	259	41	827
396	424	890
216	304	930	765	765	72
456	154	860	268
706	994	800	308	308	402
856	814	910	856	991	322
716	384	615
446	634	505	842
326	744	305	649
746	64	385	939	490	338
316	414	665	659	213	665
646	94	755	470
906	184	375	227
566	144	5	5	340	5
6	234	315	315	70	78
456	524	535	535	580	1
376	74	215	471	910	348
196	154	463	845
326	654	568
496	814	788	699	662	788
186	134	38	250
226	674	128	570	195
786	414	158	910	885	910
516	354	778	200	516	516
376	764	748	764	512	325
636	84	458	84	917
76	534	838	534	76
96	274	488	488	162	227
256	104	808	808	270	270
706	364	706
776	904	776	950
176	944	176	227
826	554	826	554
956	844	956	956
116	374	116	116	823	823
846	904	846	161
606	34	606	421	440	358
736	934	831
486	24	181	652	23
506	934	391	12	958
736	864	701	800
766	114	721	527
166	414	81	157	170
196	184	51	184	93
776	274	731	731	870	870
56	314	821	821	890	605
366	904	691	691	470	228
236	265	512	474	1	207
856	795	882	108	150
126	225	492	98	630	98
696	455	602	696	551	700
436	975	352	601	347
936	125	322	921	7	90
756	465	880	982	949
566	465	970	332	101	137
916	155	280	479
646	785	250	250
526	345	340	340	968
646	645	810	810	646	767
256	965	830	830	256	331
836	655	154	649	330
156	985	474	348	881
466	995	4	691	200
756	845	604	51	187	670
976	835	383	249
286	85	443	443	609
966	955	363	363	966	800
106	465	123	123	381
786	5	453	798	150
536	915	883	348	600	348
276	725	283	898	471
476	365	563	331
896	253	982	98
466	143	42	778	370	778
696	53	839
116	783	379	702
206	713	489	489	780	489
296	653	569	569	780	885
946	393	59	14	393
236	573	170
426	903	397
436	513	737	513
706	233	404	328	990	990
176	923	445
886	983	785	182	785	591
536	913	325	182	778
726	643	235	322	251	322
746	153	985	639
476	593	165	790	248	454
806	333	505	505	60	51
966	563	285	966
496	633	633	275
886	123	123	615	850	998
176	663	663	218	899
356	113	113	521
806	723	723	571	90	658
296	733	733	41	547
836	993	993	361	247	600
856	263	278	592
116	63	288	109	732
736	3	328	179	620	736
406	263	878	589	574	589
676	273	478	579	273	478
936	673	808	840
646	943	478	890	890
976	253	668	254
136	43	568	384	111	580
396	163	528	225
586	533	68	295	960	68
276	523	898	523	276	290
176	293	598	598	22
516	273	758	758	273	962
826	973	228	671
246	13	938	601	440	49
316	533	518	951	750	518
296	833	518	251	24	330
336	523	336	207
596	683	596	877	720	639
886	533	886	533
116	553	116	116
726	623	181
736	963	751	864	230
896	373	691	255	274	552
76	683	681	76
476	843	231	231	270	689
426	243	681	681	810	918
206	398	294
986	41	82	789	789	82
756	971	582	489	420
836	931	452	769	824	452
76	831	372	694	372
346	821	172	174	829
76	811	872	454	265
276	141	92	464	513
6	681	422	984	118
876	481	292	194	481	527
376	181	192	985	629
656	171	682	645	180
526	581	242	495	495	413
126	301	842	948
526	881	972	368	700
626	101	992	328	780	780
546	201	842	148	980	148
826	301	652	428	305
226	271	592	228	271
726	1	882	726	20	726
286	611	572	286	587
496	441	42	496	554	496
266	101	842	101	330
316	741	412	741	490	29
846	701	52	701	420	998
936	51	182	51	963	768
416	901	210	682	979
106	551	590	962	125
616	771	140	140	19
266	91	810	810	615
446	551	750	750	458
676	561	710	614	809
406	691	490	44	5
486	331	700	85
676	541	680	945	72	258
676	551	290	915	699
666	631	630	105	63
666	381	900	935	381
446	531	410	908	410
516	221	970	448	970	473
986	361	690	48	234
166	261	310	778	354	465
916	631	650	548	245
916	171	960	588	165	832
726	401	930	258	673
836	661	200	88	661
666	671	580	671
26	471	374	69
476	371	104	575	260
256	691	44	675	691
116	311	914	733	705
856	411	954	158
776	331	844	418	418	482
856	441	214	441	500
376	191	294	191	827
6	761	873	92
206	681	753	222	681
646	661	913	739
796	721	873	375	639
246	381	963	525	360
926	341	203	875	960	139
726	761	93	235	240	235
706	631	713	445	310	138
466	111	73	73	389
476	701	3	3	605
736	661	43	43	885	969
786	391	803	803	391
966	481	393	208	340
76	301	773	908	520	908
616	991	543	616	617
836	901	803	836	836
506	581	803	581
636	31	688	542
486	831	718	762	129
406	491	398	712	559	820
126	431	798	952	350
116	61	978	932	474	615
856	61	218	292	914	61
716	991	188	812	335	479
686	921	528	762	686	686
976	191	318	992	191	992
886	331	328	462	331	517
386	911	658	592	911	254
726	471	258	600
316	121	728	890	890
446	371	288	370	370	725
346	501	898	880	880	501
86	501	808	410	395	501
786	431	968	890	786	786
46	561	988	890	561
76	751	778	924	872
246	231	108	154	412	280
236	931	678	604	649
456	801	748	764	109	680
966	911	68	104	805	869
776	191	8	104	191
106	171	148	203	749	410
586	181	388	33	785	670
636	391	618	413	413	391
616	301	678	883	301	137
881	92	92
561	412	412	608
681	602	909
701	612	219	280
351	732	490
711	42	820	415
891	782	500	835	174	782
61	622	707	622
61	422	967	680	680	605
461	722	667	734	505
211	742	407	938
561	782	14
351	482	454	482	257	482
321	292	474	77	43	292
641	222	364	715
721	632	484	305	721
41	842	594	378	885
521	592	564	266	540
181	652	184	181
601	132	475
411	312	125	312
451	912	945	912	945
781	632	205	209	632	205
621	422	515	390
741	762	635	857
641	422	105	517	422
791	982	65	274	982
11	282	65	274	790	698
671	462	95	604	26	671
531	42	725	725	710	609
261	442	625	625	270	68
11	332	375	375	374	375
431	462	145	893	462
271	272	15	271	564
441	662	125	441	618	662
101	262	243
591	952	683	591	952	624
511	32	598
121	12	358	12
901	662	628	662	455	109
571	782	318	782	571	782
911	342	938	560
251	882	408	490	882
911	982	698	254
551	322	518	844	570
131	972	158	384	955
381	332	678	14	166	527
61	92	628	465
781	622	148	773
221	912	958	183	221
321	782	8	8
411	162	298	298	162	86
71	472	158	158	270	789
151	972	828	828	340	828
601	792	668	668	134
61	812	138	138	44	220
871	302	708	356
361	882	758	76	80
311	292	838	336	74
951	242	88	736	504	242
501	342	488	501
841	182	538	841	182	495
571	772	468	571	772	468
681	22	338	681	760	35
861	612	908	861	908	123
281	612	356	687
781	142	36	317	714	880
551	912	126	126
431	582	446	446	582	697
411	622	56	56	120
591	382	266	266	670	298
981	872	26	26	790	981
451	702	616	616	774	400
761	402	596	596	473	473
561	902	206	561	970
451	912	826	451	570	719
881	442	396	881	20	625
721	622	156	721	760	908
361	682	361
111	852	111	570
591	72	591	240	588
71	542	71	217
211	512	211	734	480
771	232	771	771	232
371	202	371	371	110	168
501	522	501	501	923	923
961	620	2
831	120	832	699
191	840	982	840	918
541	90	572	304	656	457
261	890	652	275
421	160	872	98
521	640	762	728	640	728
541	450	442	518	541
181	630	272	886	630
501	100	382	896	100	748
291	280	232	291
321	230	752	321	230	259
301	250	912	301	447	250
521	670	179
901	250	419	419	250	288
101	880	880
141	790	790	155
41	580	580	405	580	41
681	960	960	655	386
241	730	730	798
631	980	980	628	980	628
21	730	730	496	21
951	430	430	951
871	150	150	871	632	345
361	680	680	361	680	88
411	990	990	411	67
201	360	360	201	747	360
391	650	754	765	639
981	850	514	93	514	19
301	510	55
11	270	105	242	294
91	410	355	762	355	91
161	870	535	369
201	10	935	109	10	78
891	970	445	569	653	445
621	590	875	590	875	621
401	160	605	160	401
771	290	735	244	923
471	690	515	515	690
571	170	255	255	170	428
431	950	185	185	714	206
101	100	955	383	955
391	590	435	643	178
361	750	665	506	750
801	300	5	556	83	5
761	110	715	216	513	228
631	760	375	631
81	430	325	81	430	239
941	780	145	941	780	628
141	0	745	141	687
831	740	218	222
551	40	478	732	836
741	130	648	130	899	203
251	550	298	550	251	550
631	650	788	945
251	970	338	35	582
121	480	28	215	832	28
521	570	268	145	570
11	340	628	628	842	628
231	580	548	548	580	231
221	200	58	58	103	595
841	120	738	738	313	738
871	190	978	826	190
481	700	88	481	884	42
511	100	8	511	593	995
711	260	346	711
591	940	946	591	212
891	190	956	891	882	928
421	40	456	421	40
761	10	666	761	10	989
721	720	916	721	720	720
621	470	576	621	470	38
661	690	666	661	690	666
941	760	156	941	764	156
661	360	616	661	253	515
991	890	466	991	83	178
621	950	621	522	408	109
751	30	751	30
191	240	191	57
401	810	401	467	810	18
521	220	521	368	582
651	320	651	838	482	299
201	690	201	201	690	298
171	657	122
651	27	662	785
61	477	832	655	832
511	57	242	205	242	205
651	167	182	955	90
241	327	152	458
651	367	342	651
971	37	922	971	985
421	17	182	421	966
371	17	430
371	877	210	992	877
11	547	650	232	11
1	167	330	330
171	227	70	70	348
611	437	560	560	611
371	297	240	544	95	240
911	937	30	354	798
281	997	150	404	398	295
571	927	980	704	988	956
81	137	940	824	486	81
291	557	0	555
141	997	780	815	942	308
771	147	290	478	290
561	327	650	628	650	506
191	377	130	136	130
321	607	80	936	80	936
751	737	340	646	124	646
891	177	620	891	482
521	667	340	521	824	555
791	37	644	202	96	644
571	287	974	545
881	667	584	605	760
161	927	884	753
821	157	114	888
611	287	234	498	429
421	377	484	938	726	421
711	807	654	958	711
131	427	774	96
661	747	484	926	655
191	7	273
371	117	603	955
991	867	173	275	980
631	97	623	623
341	897	603	603	374	669
521	107	983	398	460
451	597	263	618	324	842
811	477	543	638	245
531	187	473	718	473
301	607	853	858	853	315
41	117	313	178	41
621	387	373	916	900
21	987	148	902	694	755
841	637	668	492	316	637
931	307	88	752	406	931
481	637	638	760	772	699
661	757	798	930	752	661
911	357	318	900	900
271	267	648	540	755	540
891	487	158	320	176	487
991	537	778	463
211	77	858	453	192	211
271	507	378	443	30
721	107	128	693	675	920
291	204	772	873
751	904	762	698
421	624	972	748	972
481	274	909
331	404	609	20
511	834	529	30	529
911	494	100
651	694	480	699
261	94	860	55
181	414	410	898
171	994	800	868	800	999
721	764	380	98	380	98
211	164	475
271	134	315	389
621	334	615	959	870	568
91	84	935	580
781	344	245	870	442
441	994	545	300	902	545
971	724	955	540	9
241	784	145	150	784	849
151	834	595	595	540	39
151	814	105	105	30	938
101	634	825	825	610	101
951	144	695	793	406	772
131	264	215	131
741	974	945	741	852
361	14	515	361	30	319
141	184	345	141	530	48
291	564	765	291	564	180
701	794	528	292	979	730
811	324	988	300
101	734	518	0	659
611	444	678	270	678
291	624	958	958
481	864	428	428	310	481
721	314	296	162	95	250
931	394	296	522	78
481	524	481
491	774	491	402	965	763
721	784	721	132	778
461	184	461	200
471	734	471	420	878
571	44	571	357	300
201	994	201	807	900	628
31	624	31	624
821	544	821	544	372	85
11	404	11	404	790	865
71	724	71	338	300
311	234	311	311	570	348
701	594	701	701	594	60
891	653	972
351	163	512	249
481	973	662	279	640	968
681	803	822	556	681
531	733	212	531
201	703	12	201	703	12
981	333	349
691	813	159	159	110	278
681	603	229	120
371	163	990
701	713	390	749
821	553	540	821	553	540
51	443	707	630	478
161	793	467	793
711	423	604
781	953	814	616	940
701	453	674	701
741	653	635
81	263	935	782	935	81
931	213	255	890
101	623	265	650	59
881	363	45	90	898
891	633	585	944	146	47
501	333	385	14	501	120
881	143	825	825	850	668
831	773	885	406	773	208
651	793	793
621	793	793	765
761	793	793	678	594	420
231	643	643	208	643	643
241	53	53	866	427
441	23	23	441
251	463	463	251	100	218
381	413	413	381	767
521	43	678
381	643	468	262
871	613	698	602	107
561	303	118	802	625
441	593	238	420
121	153	358	40	389
201	573	158	690	158	573
121	373	848	404	404
821	903	848	725
801	983	838	983
661	703	48	703	114	19
901	53	538	53	336	450
851	753	798	798	674	839
671	773	328	466	160
741	593	678	396	593
271	373	818	271
891	493	358	891	392
321	553	646	487
191	653	586	147	800	438
721	323	536	536
921	583	636	636	670	28
411	353	406	411
741	23	926	741	23	85
531	613	531
51	863	51	62	518	62
801	523	801	490
131	763	131	930	898
201	463	201	877	540	878
361	873	361	873
781	363	781	363	208	932
331	873	331	331	70	368
801	488	382
781	548	602	409	10
511	848	712	809	900	848
461	598	652	867
161	438	912	504	915
711	998	892	94	711
61	918	622	475	61
751	928	532	876	857
191	68	702	306	306
681	998	370	802	189
81	108	700	742	81
841	468	550	550
141	758	70	70	199
941	878	560	560	655
271	858	90	5	169
801	618	350	556	556
531	418	970	596	531
821	328	10	821
1	378	984
481	458	904	302	279
821	418	844	440	639
61	638	694	520	825	520
391	838	74	620	115	106
361	48	244	70	48
471	298	874	965
611	278	854	375	610
841	968	184	703
611	568	724	473	149	120
891	388	254	283	388
681	428	784	303	316	150
451	48	234	86	451
601	968	234	601	570
961	878	214	961	793	405
551	828	24	551	93	828
941	138	983	42	941
1	628	413	509
411	938	163	579	880
581	58	733	235
261	588	183	215	322
931	708	413	695	270
271	498	13	345	740	498
601	188	913	913	601
711	48	43	711
501	858	923	501	767
341	266	942	238
971	566	770	348	770
761	686	550	761	686	550
151	476	804	422
471	696	354	495	880
151	926	151
