292	389	292	389
712	269	712	741
322	509	322	61	824
522	339	339
122	579	579	122
442	849	849	800	849
72	729	729	610	335	729
672	99	99	670	728
362	249	170
392	239	950	392	239
42	69	270	15	274	42
482	199	830	791
342	189	287	640	698	640
932	339	514	932	661	120
172	349	274	633	875
542	109	744	711
242	259	215	242	491	200
772	589	983
742	769	393	155	304	155
382	239	463	278	250
892	609	3	488	340	488
622	819	663	978	625
892	659	848	660	892	659
52	19	178	353	804	591
702	310	615	310	702	615
462	70	293	315
812	550	38
952	930	668	952	301	930
172	900	548	464	900
892	650	808	54	650	139
882	630	738	773
942	680	828	223	316	680
922	420	396
882	997	882
292	427	70	292	589
172	847	124	965	599
812	777	914	695	111
892	227	953
732	777	503	208	356	530
702	107	536	702	815
522	824	949
712	34	199	712	755	281
502	874	659	830
552	74	769	910	348
712	344	465	253	344
132	974	355	171
682	884	933	315
342	934	578
202	444	158	202	695
792	304	798	560
612	664	878	900	878
752	974	628	974	96	697
612	444	518	781
32	974	261
292	684	761	684	313	115
922	545	922
862	945	862	945
712	375	712	375	712
342	145	342	145	342	836
972	915	972	915	359	972
482	185	329
602	635	289	602
842	35	309	668	963	35
172	885	850	172	988
702	495	340	702	901	617
302	175	20	175	469
872	385	490	385	786	541
882	935	310	935	881
812	535	820	796
722	785	250	386	394	386
702	825	24
572	565	584	53	565
672	745	914	736
802	285	634	46	750
872	55	55
432	905	905	432
542	55	55	542	941
732	65	65	520	691
122	655	655	984	51	250
212	375	375	353	375	212
382	545	233	382
302	155	853	449	450
692	5	53	399	53	486
392	455	903	194	455	660
342	595	333	914	595	761
552	185	633	185
672	645	733	608	981	887
592	295	973	201	224	592
692	835	733	191	191	692
262	575	673	441	441	673
182	845	906	182
852	385	106	852	538
232	595	46	232	241	320
342	835	141
192	195	211	192
12	845	691	110
452	515	61	900	76
662	225	341	367	240	718
832	645	851	484
392	235	721	24	392	660
872	545	721	344	872	528
782	675	301	298	782
572	505	651	398	20
372	915	971	68	684	915
12	143	198	674	466	201
42	493	118	741	42
872	98	872
82	658	82	589
592	178	592	449	993
842	808	842	854	945
762	288	762	288
892	778	892	778	892
172	238	172	238	172	123
632	218	632	411	944
302	908	339	820	15	251
622	928	229	404	276	97
972	148	439	763	148
172	218	59	218	624
392	368	30
232	468	630	232
382	558	860	382	839
182	358	810	182	358
72	848	930	89
282	628	280	504	861	233
492	168	840	415	492
312	618	70	795	312	70
812	378	960	155	269
92	868	960	645	901
112	658	130	881	130
142	638	437	142	638
92	718	627	92	141
192	488	724	192
712	148	594	509
782	998	454	913	16	500
452	358	494	203	116	203
492	138	864	573	11
92	708	284	706	820
762	168	354	786	880	335
862	408	144	226	581
152	588	964	226	451	152
402	368	34	681	810
742	98	75
562	18	275	562
542	768	95	770	770
942	418	45	554
972	178	343	972	178
892	808	713	892	486	221
82	768	273	664	209
262	958	563	754	765	181
82	788	83	83	805
502	8	173	966	790
132	818	818	132	367
622	748	748	622	725	701
762	638	638	762	146
272	938	938	810	272	938
22	558	558	960	795	121
912	858	858	150	716	681
972	938	938	284	889	420
752	948	948	654	780
852	278	278	344	516
502	798	798	264	456	87
922	108	716	520
872	598	406	210	185	93
702	998	766	910	766
742	658	736	427	204	925
952	578	526	484	905	280
582	358	276	784	505	253
782	778	616	74	616
652	808	506	723	775
232	288	916	633	475	633
692	878	521
632	638	901	632	638
832	8	981	917	832
722	8	801	834	722	199
732	418	241	264	6	241
592	976	592	805	592
422	616	422	548	393	995
952	486	180
702	526	297
922	56	967	490	595
332	416	857	250	416
602	766	707	600	791
762	296	187	594	925	270
622	596	637	523	268	310
182	736	104	459	810
112	536	294	181	294	112
222	596	175	473	898	31
822	546	263	465	374	822
962	586	893	68
442	356	356
292	346	346	292	234
62	576	576	62	538	811
542	906	906	542	101	930
392	276	276	160
12	886	886	740	395	931
262	236	236	800	998	331
532	626	626	10	626	626
812	156	156	330	721
432	626	626	490	801	626
522	286	286	4
522	476	476	604	476
452	406	406	754	406	860
482	186	186	834	186	657
122	556	556	614	556	581
292	796	796	23	528	991
752	206	51
442	156	71	442
282	406	271	282	898	870
312	446	371	312	258	371
102	426	921	980	980	118
522	516	401	70	298
22	316	161	880	738	915
242	626	281	934	355	281
492	256	81	454	218
952	996	81	614	81	70
12	556	31	463	648
152	806	131	788	370	788
502	411	620
312	801	630	246
882	461	447	882	218
502	711	797	943	378	711
762	201	864	826
62	371	713	235	510
122	181	103	455	120	808
332	521	573	955	934	332
832	671	18	684	832
752	871	871	752
592	251	251	592	964	445
12	821	821	12	898
772	981	981	400	715	9
522	361	361	690	45	361
822	871	871	510	768
902	81	81	330	998	465
772	441	441	50	466	441
632	411	411	164	779
2	211	211	54	708	800
562	171	171	823	648	975
839	312	839
149	152	149	152
369	112	369	369	770	318
189	32	189	660
479	512	479	683
499	792	380
99	342	150	568
669	632	497
889	932	867	13	13	345
669	812	514	345
939	502	354	818	502
659	342	604	298	604
249	22	684	576
399	162	215
689	602	85	602	754	689
559	872	185	559
929	392	655	929	392
99	82	185	99	460	398
819	492	545	354	553
389	372	55	55	830	258
139	962	625	841	962
339	62	575	131	273	575
589	352	723
709	262	313	854	435	960
209	942	908
429	2	578	2	341
119	212	538	170
379	752	908	570	908
459	912	28	254
679	882	218	685
519	402	618	895	330	519
29	672	828	805	350	828
419	912	188	273	273
419	442	678	678
229	922	838	966	891
179	892	498	361
539	312	318	331	260	318
179	362	828	41	103	126
279	362	888	881	888	160
179	312	308	191	936
59	692	556
449	22	816	167
379	612	756	257	740	379
479	102	726	987	820	820
289	532	226	597	510	968
969	752	936	984
889	682	206	595	341
329	212	186	186	294	60
249	482	581	482
809	632	541	600
699	432	141	440	858
9	732	191	474	393	815
639	230	742	639
229	830	52	229	830	675
839	390	582	839	390	708
649	950	152	14	908
449	870	552	585
59	900	362	545	900	58
569	190	222	428
749	20	452	508	94	20
969	10	182	948	71	607
849	150	452	646	97
19	880	372	921	57
609	110	609	513
619	570	570
699	320	320	699
639	220	220	928
569	250	147	882	244	538
119	130	17	313	608	225
699	430	257	403	448	846
659	370	57	923	218	401
839	730	44	25	293	876
59	630	664	586	211
999	50	395
509	470	835	732	628	353
879	410	595	32	81
779	960	355	779	682
779	790	205	790
339	120	25	654	120	328
49	510	985	985	510	331
279	570	775	693	421	570
19	470	615	506	470
589	770	255	656	770	255
949	600	215	711
59	390	75	431	390	138
299	160	425	591	514	425
659	980	643	391	322
679	720	198	492	957
979	210	878	442	461
9	710	298	352	931	710
279	940	488	940
159	680	248	404	159	680
179	500	938	515
599	810	166	892	885	599
779	620	566	620	620	779
239	480	376	480	988	601
379	860	956	554
899	470	776	204	578	470
909	570	296	664	296	811
959	170	736	736
429	740	746	746	112
559	540	151	822	564	195
569	310	341	512	588
709	360	531	360	625	531
249	350	11	350	748
889	550	921	550	376	921
69	820	81	974	745
949	607	592
729	397	742	864
59	537	72	525
409	997	292	428	85	292
989	727	620	918	634
749	807	923	935	214
869	787	303	303	195
59	167	963	381	664
669	714	462	700	745	700
989	544	512	615
79	434	79
39	654	39	39	290	458
389	624	389	624	890
99	524	99	524	775	850
409	164	409	255	532
579	254	579	55	721
229	444	229	516	41
99	274	950
339	464	810	175	810
9	64	510	708
639	344	270	586	344	586
669	544	710	221
659	374	720	321	720	458
659	454	454	193	659	193
309	214	605
959	14	205	652	788
729	624	915	729	370	838
899	524	545	900
289	684	945	330	568
859	644	395	880	18	283
209	284	655	655	310	828
809	474	445	351
269	244	283	269	740
99	54	753	756	10
559	74	493	41	652
549	114	838	549
269	234	268	580
889	864	598	301
979	854	448	531	320	525
229	764	886
179	114	136	377
579	334	96	367	390	579
689	164	396	397	910	688
339	674	546	655	42
539	254	666	666
129	134	56	571	552	129
909	904	971
249	934	31	12
469	594	971	700
399	634	311	10	778
39	914	311	527	760	488
549	494	61	833	415	920
229	114	891	891	773
839	503	582	981
719	23	12	91	710	719
919	153	442	831	860	808
839	883	839
859	593	859	859
819	533	819	819	900	819
179	603	179	179	680	138
989	953	989	989	614	880
519	623	519	623
819	743	220
59	493	570	218
769	113	580	936
159	423	290	596	305	981
539	603	900	716	941
679	603	634	955	212
149	503	634	731
569	63	964	341	920	569
619	193	175
759	863	545	632	801	10
779	763	425	510
179	443	575	700	700
469	943	825	825	752
849	473	305	305	473	491
699	293	415	293	258
149	63	5	36	674	80
939	853	135	901
469	533	533	469	652	469
19	943	943	15
439	603	603	118
469	83	83	288	650	469
489	563	888
459	453	248	932	459
899	993	658	2	899	993
259	173	558	80	80
709	703	738	624	32
759	973	448	625
199	193	78	376	822	199
879	593	938	876	50	938
879	963	688	251	510	688
319	713	488	751	726
579	953	446
629	193	866	302
899	823	96	362	899	907
829	543	266	970
279	723	416	510	998
819	293	636	724	636
179	13	316	316
139	763	456	456	70	408
139	843	661
969	783	461	142	338	969
299	923	471	482	471	600
969	803	651	290
849	623	531	40	849
829	733	581	750	468
309	293	211	874	706	947
429	723	221	221	630	429
439	113	441	441	230	658
669	978	872	494	985
749	848	192	864	155	400
249	768	642	55	231
939	878	602	901
529	878	32	751	920
99	228	420	172	99
329	698	820	212	698
919	638	160	160
759	68	760	356	356
59	538	990	436	21
479	438	614	962	506
339	488	604	170	339
679	598	254	430	598
849	748	114	220	156	21
49	858	544	785	785
739	28	3	804	671
579	738	253	185	892
829	658	223	125	760
119	608	803	215	660	608
19	98	463	286	286
900	382	45
70	892	328
380	582	288	380	779
210	422	758	425
510	882	168	45	510	168
870	682	518	491	337
420	722	996	420
540	362	656	540	708
220	832	856	644	220	548
40	72	436	661
820	732	426	71	820	618
360	562	471
260	372	181	260	95
920	342	561	920	258
780	952	841	906
450	979	979	450	588
300	859	859	574	846	477
850	629	629	223
910	959	910	482
230	509	217
520	359	324	631
610	649	544	831	333	538
270	270	958
20	20	258	164	20
170	14	509	170	615	1
410	864	489	410	798
180	824	231	247	180	808
780	655	72	780	655	72
780	975	432	331	780
70	755	769
800	635	849	800	832	488
360	235	309	360	309
450	25	979	450	208
680	65	139	680	88	680
640	465	629	444	831	640
650	565	989	223	338	650
150	625	899	593	216	216
360	395	247	62	381
300	65	65	300	912	869
440	865	408	183	183	991
110	275	576
860	725	996	852	725	339
240	415	396	212	511	240
750	875	146	750
980	915	466	980	2	481
510	715	696	510	841	510
870	975	896	421	102	878
540	655	381	412	89
230	885	271	230	458
10	815	971	704	592
920	415	221	724	298	920
380	515	31	813	515	380
660	165	401	168	660	660
950	303	622	805
870	323	35
680	333	226	152	451	680
650	523	476	684	959	650
480	533	836	294	865
520	388	472
410	418	872	649	410
720	498	572	996	720
150	358	572	396	150	439
980	998	452	766	980	998
40	278	279
620	358	620
820	158	404	692
550	108	65	550
390	208	873	819	390
940	468	393	899	940	899
610	328	423	226
990	618	23	206	990
20	528	528
690	628	628	382	225	899
590	688	688	552	995	161
310	618	618	362	371	362
600	708	708	284	541	600
580	568	568	493	568
820	48	726
400	448	881	977
760	438	181	557	760	645
960	296	960	208	960
600	626	717	464	245
620	436	125	620
710	366	366
80	836	836	80	829
60	376	376	53	864	925
670	936	411	142	449	243
530	196	901	762	901	530
670	836	181	670	638
830	796	671	298	830
970	366	731	408	764	825
180	211	312
520	111	237	602	795	520
860	661	577	860	995	860
610	541	307	610	538
30	151	187	584	639
470	501	767	374	869	470
640	761	257	184	665	640
970	431	387	935	533	686
850	731	667	763	416
670	791	975	122
307	722	739
447	292	769	769	210	195
907	512	289	289	834	350
377	472	779	779	493
707	222	359	210
197	812	200	81
907	692	907
207	812	984	865
587	942	694	995	660
437	202	84	758
657	212	814	428	959	763
837	332	734	968	360
407	712	844	88	460	989
747	952	884	808	520	345
347	602	165
787	752	825	439
327	82	335	499	510	499
767	122	795	139	230	38
617	42	375	375	42
877	952	225	956	952
897	152	595	296	590
387	32	795	341
457	52	223
247	182	303	538	344
247	792	98	792	826	826
197	772	798	149
787	872	428	779	240	595
627	992	698	719	110	698
897	942	528	460
797	32	48	904	866	797
867	722	238	265
787	172	338	338
247	652	958	276	247
747	542	98	231
447	112	728	111	474	565
797	142	976	142	185
167	52	566	167
157	412	766	157	190	618
997	972	76	76	972	228
727	442	206	121	442
287	702	726	261	410
647	212	126	311	420	705
797	382	66	81	490	218
917	912	241
497	882	171	210
47	112	361	730	168
307	962	801	307
107	892	831	107	424
317	212	1	398	170	139
37	592	411	411
757	422	951	951	980	499
267	392	191	191	790	828
617	330	502	349
717	420	432	449	420	449
297	20	462	679	20	548
447	810	82	978
157	330	22	638	330	638
367	570	512	248	76	570
587	610	202	288	596	711
577	310	572	328	111
27	630	982	758	81	27
817	600	692	928	541	996
127	870	2	391
687	570	272	941	570	418
597	990	702	501	597
877	570	369	570	418
637	920	920	629
667	270	270	339	270	888
877	330	330	768
677	430	64
707	190	264	264
197	730	234	668
397	710	405
367	440	355	632	669
787	880	285	269
197	880	805	805	552
947	590	75	75	874	75
437	740	35	21
997	180	55	981	180	378
217	570	538
887	750	418	639
977	980	238	689	980	238
657	260	338	260
27	90	898	90	382	761
187	270	78	270	854	115
767	760	488	760	263	755
47	50	838	50	191	613
7	480	128	534	53	861
17	870	728	15
907	930	838	275	930
187	490	678	435	744	442
447	860	888	313
747	800	838	183	374	759
717	880	198	243	794	765
947	830	208	973	735
267	830	138	606
197	550	298	366	550
517	320	658	6	320	789
747	670	558	366	234	558
657	710	836	741
87	720	921
227	410	821	410	528	173
597	750	471	471	750	958
167	694	42
487	964	362	715	251
567	614	52	491	720
167	314	839	839	340	405
697	644	249	330
157	424	539	770	539
777	784	579	480	488
407	244	740
137	424	480	199	480	308
937	914	560	578	53	505
297	484	660	98	753	116
397	134	435
497	714	965	169
987	194	815	829	780	958
797	364	365	293	364	929
257	624	645	341
637	684	25	901	890	768
987	944	688	880
987	4	418	230	169
427	934	998	790	998
137	334	218	933
67	174	568	766	480
897	394	586
797	884	86	797
617	314	336	305
307	84	236	236
767	664	666	666	360	738
37	624	26	961
907	244	276	801	244	680
217	274	246	271	723	165
147	834	281
227	434	541	227	410
337	914	251	337	80	928
467	94	71	71	720	748
157	63	662	738
967	273	782	808	779
477	333	182	678	296	980
547	143	752	496	921
567	613	49
187	653	349	349	360	445
827	653	609	609	310	798
167	813	790
957	403	820	488
967	103	794
177	233	544	785
207	693	744	416	220
37	863	754	246	681
307	893	694	101
947	853	955	779	772
597	643	5	219	643
777	773	685	360
177	813	715	560	256	641
147	573	345	914	960	49
547	693	315	693	368
737	93	93	689
857	993	993	639	710	639
967	133	133	379	134	370
657	703	703	599	703	703
27	833	833	465
967	583	583	426	890
237	903	903	656	237
587	623	623	151
87	123	123	511	190	998
567	693	28	972
827	153	78	659	980
217	213	588	45
127	843	628	675	290	359
907	113	468	835	720	468
117	213	728	25	530	341
47	673	258	258	164	589
47	493	438	438	493	438
207	893	8	976	600
457	983	308	176	640	308
347	553	388	496	471
47	813	576	530
627	343	196	700	259
717	773	186	694	560	88
157	163	326	681
337	363	266	741	770	438
707	673	226	11	604	780
457	853	641
237	143	91	654
737	803	591	591	680	98
904	212	763
684	299	742	945	421
464	349	349	832	931
484	979	390
584	239	910	872
914	929	130	162	130	929
664	179	0	172	941	0
254	109	180	254	326	331
674	149	890	466
894	849	894	193	401
644	809	644	291	840
934	849	413	736	260
144	97	144
814	765	242	765	900
64	775	839	942	775
654	495	909	692	495	30
684	875	389	72	88	361
354	175	829	320
634	15	369	610	610	369
84	445	309	10	445	10
874	675	139	370	675	321
974	685	229	974	661	950
764	885	599	923	923	838
264	15	529	138	264
794	675	60	828	311
954	15	407	290	8	290
804	375	804	413	375
34	275	34	781	34	476
504	905	905
724	475	475	142	761	660
364	85	85	810	48
794	645	645	960	116	116
254	375	375	560	516	491
564	195	195	940	611
434	655	253	655	930
504	325	983	826	504	325
864	455	698	563
624	835	968	183	952	769
164	715	996	872	715	10
184	995	16	420	112
74	655	296	130	130
434	245	986	730	730	718
754	645	776	350	228	521
674	375	816	830	491
174	825	906	57	313	860
254	935	926	254	799	170
764	875	326	764	326	511
254	315	996	191	862	398
714	225	141	250	225	299
884	275	41	930	275	41
334	345	321	910	278
374	285	611	170	878	285
204	375	71	204	375	730
534	595	151	133
714	755	881	793	500	539
824	235	321	543	235	300
534	545	681	313	338	681
64	513	109	312	941	750
664	3	209	664	209	580
334	43	699	334	785	280
404	793	729	404	661	120
514	443	979	443
574	373	819	373	696	373
354	443	905
894	623	905	623	905	740
234	843	481	732
284	368	502	689	500
994	598	112	441	910
484	758	600
534	798	290	915	290
874	68	874	502	15
124	68	124	189
74	648	74	169	690	836
474	318	474	109	474	685
114	608	114	616
74	858	74	546	590	659
544	768	544	546	544	275
714	428	714	41	714	606
194	978	183	555
334	448	923	215	640
124	828	173	485	540	828
34	356	602	281	34	275
674	676	353
84	656	656	400	84
254	586	586	254	621	560
514	526	441
594	131	190	548
194	971	17	30	948
904	701	626
805	422	422
915	682	729	729	960	618
985	552	499	24	68
835	532	990
55	592	34	592	299
915	362	304	362	915	261
65	152	664	699
405	302	104	405
345	292	744	913
355	582	474	36
995	892	234	936	247
95	252	95
945	142	945	142
135	292	135	669	684
15	22	15	920
395	242	395	480	746
195	342	195	843	54	769
155	862	155	971
865	52	893	776
925	632	118
755	512	28	999
645	612	178	969	993	993
255	372	328	150	636
165	872	988	394	165	200
915	372	348	348
785	482	318	318	482
695	842	858	858	842	356
345	772	336	772	268	959
575	972	896	507
465	872	36	994
335	762	156	764	773	335
755	142	786	451
405	682	221
895	932	941	932	895	941
595	212	161	630	406
785	152	551	557	860
665	582	31	187	340	268
715	752	841	374	513	715
355	362	691	528
345	232	91	188	133	345
645	692	91	91	860	388
315	860	182
725	380	792	491
565	480	62	161	480	565
305	630	842	51	577
85	370	879	879	370	148
405	680	680
635	120	120	769
285	360	360	59	360	898
195	290	290	39	786
325	140	140	58
105	720	720	776	720
975	460	460	811
825	140	674
985	610	24	126	601
725	210	725	791	672
15	70	903
225	180	723	225
265	120	368	194	265	120
245	660	336	660
45	560	656	327
105	0	546	546
205	100	496	111
685	250	136	501	250	548
105	730	401
785	150	291	150
985	380	781	380	278
605	520	251	217
885	840	111	167	840	358
445	700	501	914
505	900	831	831	900	689
25	240	551	551	240	898
25	724	552	1	552
265	454	559
465	244	149	252	465	252
965	534	549	650
985	984	29	984
785	424	879	433	8
905	664	905	550
945	124	945	113	945
165	784	165	991	437
85	734	263	231	932
235	614	96	530	614
485	444	76	485	862	76
15	404	876	876	510
175	454	351
635	744	741	570	688
855	174	991	737	430	548
345	614	101	614	799
325	904	451	903
405	654	121	193	405
25	214	911	428	803
925	174	491	491	530	38
455	503	292
695	663	559
265	823	219	219	360	868
955	713	869	810
745	893	999	500	999
965	923	659	694
425	733	129	733	896	600
645	933	574	645	831
555	803	294	998
105	593	794	256	510
995	913	995
585	643	585	242	334	479
955	33	955	422	774	8
45	503	45	432	45	900
345	883	345	89	282
535	313	535	559	313
785	393	785	500
855	573	855	120	855	120
365	683	365	710	365	371
985	623	985	360	16
785	63	785	30	651
245	133	245	784	133	245
535	283	535	535	182	941
165	793	165	701	92	165
355	953	953	355
345	973	973	76	990
475	623	623	196	670	848
455	253	68
445	283	728	742	728	319
745	393	218	512	361	430
465	993	898	344
305	523	128	364	892
775	803	568	44	250
865	843	348	414	671	260
445	273	248	11	787
775	73	406	320
195	383	676	890	562	195
405	973	846	170	139
515	53	766	360	898
825	83	566	504	825	550
385	343	581
275	883	551	252	275
385	263	461	322	461	530
95	63	81	580
435	573	831	850	349
765	973	301	550	558
565	323	951	497	890	398
525	753	721	884	753	525
55	221	807
553	482	438
553	652	188	740	719
953	662	786	90	662	625
383	122	776	60	776
53	712	566	34	566
503	532	826	311
33	452	561
423	802	531	610	802	668
283	662	331	760	885
223	712	171	477
503	282	901	497	740	59
753	479	352
613	349	349
613	969	969	654	616	397
483	859	859	336
163	879	920
943	779	950	943	985
163	29	74	586	481
903	659	903	428
133	39	133	548	930	39
73	459	396	73
473	620	615	94	615
853	300	488
523	90	546
383	497	554	302
413	717	413
463	724	724
373	654	405	921
253	474	606	474	365
413	675	862
123	955	39	304	955	170
693	85	270
253	95	890	838
443	775	904	443	775
993	585	306
483	15	936	110	161
343	175	786	444	159	220
463	865	431	463
753	753	614	719
23	23	745	586
473	473	825	401
203	203	168	239
273	273	691	804	589
293	258	682
33	818	392	399
593	988	262	775	651
283	148	62	451	960
343	678	472	781	343	678
543	48	519	182	664	275
693	168	349	490	168
483	458	980
143	688	0	972	119
923	858	850	215	769	332
613	738	844	270	85	41
933	648	114	807	933	335
343	428	524	816	343	985
853	938	55	482
243	308	205	82	781	920
653	488	235	194	266
63	128	63	724	319	800
563	578	578	814	696
733	388	571
823	678	501	150	501
143	898	891	277	484	619
93	438	481	127	93
413	96	650
153	776	294	189	660
543	826	314	290	458
933	396	933	345	510
823	366	366	240
853	76	76	910	584	535
53	636	471	130	974	15
863	396	91	980	705	91
143	31	372	31	640
173	831	877	580	748
823	971	924	832	95	971
453	821	54	453	216	300
363	571	814	571	814	786
393	481	393	116	454	116
573	91	91	842	928
443	231	231	20	848
763	421	421	763
958	662	662	829
768	282	282	486	307
898	92	869
698	902	659	902
28	82	129	82	28
278	812	609	334	812	515
408	912	699	464	464
568	812	789	204	543
288	362	729	624	306	177
198	832	529	503	875
858	252	697
248	352	857	519	352	248
368	482	884	482
598	422	854	319
848	292	564	939	970	848
478	562	714	495
868	532	584	265	800	868
318	512	704	33	704	399
138	882	364	866
198	52	314	796	970
578	332	924	376	370	349
98	592	994	626	690	98
188	422	164	296	164	705
48	652	195
788	2	5	2
728	742	175	749
668	672	555	459	672	555
268	82	5	109	140	268
628	22	685	149	204	628
798	452	655	270
548	832	995	334
108	112	595	294	459
948	362	165	434	165	420
768	642	335	335
628	82	775	531
988	262	525	921	262	525
848	92	925	231	310	848
978	722	978	30
28	32	28	604	646	437
88	82	376
828	822	956	822
108	282	36	282	705	141
858	352	846	370
228	362	816	540	135
58	232	756	180	58
568	892	266	707
818	112	346	357	10	818
8	352	6	444	153	915
458	952	456	456	870
68	612	886	541	440	68
378	492	971
978	822	161	822
218	772	431	560
908	782	891	460	529
418	552	481	960	418
478	962	351	487
998	292	861	167	190
968	582	501	627	760	789
578	322	351	47	30	578
648	532	711	4	675	830
578	352	711	974	683
288	762	521	4	593	595
368	922	131	654	131	500
308	362	981	383	383	665
388	872	251	251	872	315
598	312	901	901	10	485
458	592	391	391	50	458
398	152	611	611	624
908	462	501	501	833	185
378	590	132
348	360	922	849
348	860	972	719	719
978	690	972	959	690	978
948	310	232	948
698	510	12	698	510	698
538	840	912	386	543	475
948	230	859
758	180	159	282	525
948	20	319	552	948	20
888	610	899	652	888	835
938	940	309	522	938	191
878	640	779	242	751	640
318	410	739	739
958	260	239	239	260	405
528	890	619	619	890	528
108	700	209	700
728	680	779	680	680	779
238	420	939	204	912
898	820	139	203
438	190	190
398	10	10	49
988	210	210	989	210	989
518	810	810	249	810	775
668	270	270	609	270	668
138	50	50	155
898	350	350	856	350
108	520	520	26	61
738	770	770	661
468	800	37
588	380	827	552	154	588
848	450	867	932	836	867
178	60	907	60	102	739
498	570	447	570	572	498
498	90	367	90	722	81
678	500	867	403	500
468	580	877	323	323	69
858	440	614	515
208	900	914	55	42
938	280	534	925	146
918	670	4	176
678	920	904	501
838	140	494	31	140	838
468	980	265	719
168	460	575	269	460	168
78	570	125	570	226
448	720	895	720	261
628	350	675	894	675
588	410	675	144	866	427
558	440	795	795	440
358	940	295	295	940	661
598	620	125	125	824	125
288	560	35	81
488	180	835	571	180	369
608	350	495	161	350	350
728	160	935	771	160	728
398	810	398	622	791	810
348	170	348	170	302	69
558	780	558	780	780
328	810	328	810	655	91
198	620	198	674	526	620
178	970	178	353	353	781
468	280	486	280	372	881
168	260	666	260	819	702
828	560	806	560	560
738	550	556	550	550	269
678	670	816	670	215	199
448	880	556	880	235	880
68	400	486	400	365	211
708	660	806	660	371
958	70	266	187
628	60	326	877	783	60
878	100	996	564	759	100
558	780	316	434	505
828	70	626	124	815	682
758	200	606	374	606	341
848	30	56	823	848	431
168	940	6	281
228	240	36	781	240	228
618	810	956	51	810	956
928	750	246	781	44	928
648	40	476	481	864	476
138	300	671
468	460	281	292	404	905
428	910	881	952	165
148	120	481	592	148	719
788	520	11	482	788	520
148	0	301	0	895	0
18	520	941	520	725	941
178	390	701	390	716	701
258	700	171	497	700
358	60	41	914	412
628	820	811	104	820
478	190	381	794	190	478
678	110	41	714	615
398	460	711	434	35	312
628	920	951	844	628	920
458	330	171	823	458	171
278	900	51	893	776	776
988	890	421	988	332	919
628	40	161	628	40	40
648	190	591	648	703	591
98	570	621	621	570	909
138	40	901	901	40	138
568	127	62	926	603	575
628	487	750
718	297	850	82
518	977	250	250	175
528	417	170	974	35
218	337	640	951	713	218
748	27	144	885	580
8	157	674	865	43
608	37	553
208	4	32
668	104	482	545	581
198	824	42	281	42
668	954	389
188	324	849	849	300	265
478	104	119	119	90	478
88	504	219	560
948	584	329	990	245
378	714	339	670	115	841
48	584	229	310	48
68	754	340
48	624	950	48
598	384	255	619
128	904	445	199	800	199
538	344	465	610
98	524	385	385	220	98
758	894	195	106	150
818	184	915	896	500	818
198	64	813
538	684	883	621
38	34	813	911	680	38
228	254	506	530
328	394	956	300	435
968	134	356	410	968
308	884	766	447	884
428	794	496	496	680	428
318	804	916	471
358	354	211
638	814	41	72
128	94	411	970
688	943	442	139
988	23	902	789	110	789
638	743	932	609	10	638
8	343	242	635
738	813	452	738
328	3	752	328	280	328
368	203	352	426	131
348	173	389
528	663	549	549
408	883	139	139	34	155
968	123	969	160
108	583	149	410	325	571
698	373	929	830	373
448	533	570
678	943	590	969
138	373	860	138
138	763	277	752	505
438	973	994
628	53	374	239
608	983	684	931
598	23	965	649
508	53	5	279	90
418	263	435	719	263
18	943	205	670
708	133	133	669
18	403	403	535
978	543	543	826	242
988	803	803	676	171
618	323	323	661
268	173	173	231	410	529
438	443	443	461	540	438
358	443	356	480
78	163	566	960	789
48	33	626	60	611
808	263	636	694	70	889
978	233	406	714	920	978
58	453	46	634	905
308	533	866	866
18	823	186	186	370	18
698	943	726	621	230	698
418	853	986	781	418	962
778	63	191
838	903	51	752
838	843	541	22	385
878	3	381	342	381	890
408	813	431	650
968	423	371	180	968
918	353	341	667	170	918
328	243	61	243
658	503	901	503	658
38	453	661	661	382	595
668	103	41	41	740	745
28	813	521	521	620	28
656	982	982
446	902	759
366	2	369	369	110	575
366	232	709	100
176	262	749	857
826	932	349	427	210
136	672	29	124	136	531
646	272	489	483
796	592	329	258
996	142	750	611	750	158
76	952	87
216	612	507	507
976	762	564
476	922	524	329
196	102	434	925
746	122	974	85	201
856	572	414	448
546	432	294	161	357	680
646	842	725
406	212	905	212	94
156	712	555	609
156	652	475	469	652	475
896	642	915	659	280	659
966	562	495	959	50	778
216	272	655	59	737	684
116	952	195	450
306	472	705	44	50	306
866	112	415	866
476	472	115	476	460	884
606	432	195	606	994
646	42	995	701
826	102	795	601	44	968
936	52	515	561	943	515
656	622	93
106	72	478
676	202	648	202	202	499
606	802	178	609
616	402	268	790
236	592	378	164
736	112	238	515	112
636	552	428	573	659
176	322	88	893	735
726	392	668	693	726
876	262	588	588	262
696	182	688	696	182
616	722	918	616	990	745
506	382	718	811
146	792	928	381	283	928
216	2	216	2
766	832	766	832	375
76	72	76	72	495	814
536	52	536	797
486	352	486	764	885
406	242	406	214	875	800
836	202	891
926	942	681	942	615
396	532	101	532	908	532
196	92	301	670
116	362	781	740	740	425
136	42	681	564	915
956	462	751	714	65	600
86	992	971	584	528	250
496	762	311	848	23	805
486	319	630	82	581	647
316	50	222
656	230	262	937
616	250	342	438
496	360	212	998	360	279
426	150	902	178	150	178
276	30	312	276	953	875
196	190	232	31
16	620	732	1	620	699
146	980	182	261	980	778
876	850	642	311	717	850
676	760	989	32	65
526	250	949	232	131	250
36	160	569	160	495	691
6	820	820
596	680	680	379
926	630	630	749	630	749
236	50	50	169	50	678
556	360	360	285
36	10	10	315	664	10
436	830	830	98
116	580	580	116	580	580
756	540	540	911	117	540
546	650	964	95	650
836	560	904	585	560	228
206	340	494	206	340
786	520	284	511
156	370	475
656	380	645	632	521	380
396	440	745	739
926	700	735	729	700	700
126	70	285	489	70	358
456	850	225	904	423	748
846	310	785	785	732
936	20	975	975	20	801
916	990	425	425	304	801
196	660	445	196	132
826	0	555	826	0
286	680	975	286	680	959
26	770	855	26	503
196	240	425	196	33	38
436	410	485	251
286	990	238
96	870	688	882
236	590	688	422	234
56	80	578	80
776	610	968	610	917
556	440	918	440	675	440
616	150	318	14	150	616
736	330	718	334	875
46	750	448	774	745	750
606	370	818	884	133
266	30	448	943
586	580	278	953	75
746	730	818	693	693	685
176	930	898	553	553	861
986	0	488	323	986	542
286	610	268	268	802
296	100	408	408	972	25
446	920	708	791
956	570	708	801	642
886	730	886	886
956	760	956	91	760	91
376	980	376	811	544
806	610	471
476	510	61	412
206	860	121	942	860
286	530	51	677
606	750	561	654	750	58
826	280	361	3	895
996	780	781	463	996	780
536	580	921	921
666	190	81	81	190	190
656	380	301	301	380	358
716	127	612
66	447	12	769
406	697	192	899	420
506	147	252	119	210	119
196	877	572	109	480	328
636	7	642	7
796	717	702	717	124
496	57	532	57	74	855
776	937	872	265
26	707	532	855	855	532
846	767	632	825	846	632
336	407	42	685	1
606	727	452	518	439
426	897	522	868	250
826	117	142	358	240	358
106	937	692	798	865
926	327	22	141
36	367	882	701	882	455
886	827	290
46	697	350	202
296	887	530	632	658
686	617	990	472	648	149
196	697	870	992	38	196
316	97	980	992	271
826	307	850	872	631	307
376	357	540	369
36	287	10	29	10	308
656	557	970	970
596	677	590	590	65
956	927	20	20	248
476	117	20	20	491
66	667	720	315	169
796	197	50	768
356	827	360	81	827
596	207	884
416	847	244	129	860
356	277	94	500	719
746	687	944	960	378
386	697	444	900	386
746	267	114	720	746	971
446	877	84	877
866	707	224	775
936	707	64	165	140
806	367	714	695	640	338
796	647	364	108	970
216	217	904	898	898
966	657	944	318	451
536	377	674	536	377
816	857	614	816	695
876	177	304	631	632
576	27	143
536	857	353	112	399
736	27	293	702	121
656	897	43	969
566	317	683	879	590
136	17	143	689	390	888
546	607	933	300
916	817	363	670	888
766	357	493	357	60	881
946	417	633	565	180
556	757	443	443
976	457	943	943	279
186	837	283	283	64
886	387	323	323	58
866	37	563	563	521
986	377	553	128
806	957	223	128	762	415
616	867	933	318	150
276	167	383	378	880	489
826	637	883	118	70	118
326	557	503	508	915
166	367	733	488	751
616	337	143	98	261	616
686	927	93	161
636	107	13	531	90
256	147	563	101	101
36	97	258	162	189	97
286	907	928	410	259
216	97	48	330	330
696	427	928	560	255	419
626	177	848	404	185	450
926	757	28	584	781	80
696	344	69	69	370	988
356	204	459	920
66	264	149	710	149
756	584	589	660	128
366	834	529	560	366
496	494	239	207	710
966	74	349	74
506	884	49	911	377
386	754	270
616	444	220	125	125	102
286	604	150	348
256	714	580	928	928	442
706	194	440	706	671	512
706	574	125
106	564	405	52
86	204	945	359
66	34	175	819	820	188
896	394	95	439	433	95
646	804	825	400
346	324	235	477
936	644	265	265	880	265
36	94	395	395	840	198
626	324	785	785	760	991
806	934	415	571	490	818
116	804	303	645
636	434	928
976	64	298	519	392	298
516	14	618	280
616	14	238	630	305
616	124	168	240	345	240
676	154	38	60	676	676
456	994	128	994	422	245
536	164	718	164	957
26	124	438	124	26
636	854	28	28	632	317
866	224	188	188	160	160
996	314	996
296	994	296	540
976	994	976	737
96	34	96	34
736	184	736	736
626	14	626	626	943	943
256	894	256	581
376	474	376	841	520	888
636	914	11
816	354	861	572	353
306	214	101	502	428
296	694	651	640
816	24	461	357
846	564	381	817	700
866	864	181	864	183
386	4	591	591	110	110
56	274	541	541	550	485
466	104	411	411	660	738
976	915	142	334	181	87
276	145	2	218	70
806	215	672	148	590	148
186	135	22	186	531	80
756	695	252	81	267
976	95	502	881	597	890
916	805	940	912	789
636	555	840	752	181	687
176	925	640	989
636	645	200	200
966	735	360	360	618
56	885	480	480	56	427
746	95	120	120	746	761
496	825	214	599	420
716	485	724	698	481
626	505	854	891	140
256	85	674	391	767	430
856	655	233	269
66	115	843	843	579
376	115	593	593	376	850
976	35	933	933	381
86	855	93	788	70
626	185	993	398	150	398
826	955	423	848	331
96	455	423	991
996	263	572	918
116	553	72	758	670	758
896	163	619
266	963	919	252
296	913	829	829	300	829
66	293	879	879	70	885
276	513	29	684	513
216	753	510
296	93	737
166	43	977	43
406	823	864	788	570	570
166	463	455
486	353	465	912	465	591
536	303	55	902	88
16	933	875	992	381	992
406	443	255	119
456	643	225	560	288	954
386	983	485	485	620	371
746	403	35	746
576	823	823	365
536	873	873	715	280	968
16	703	703	658	659
976	213	213	1
986	243	243	131	570	538
466	393	393	321	27
536	763	763	481	107	210
506	963	888	142
126	363	838	669	332
576	583	28	749	650	576
56	243	348	999	834	999
236	763	738	229	763	738
836	13	138	990
576	753	298	620	620
276	53	678	114
256	563	578	24	271	840
906	553	638	135
46	463	318	255	570	318
56	683	358	683	56	730
526	143	898	898	222
616	283	118	118	283	952
266	403	858	71
606	123	518	221	980	89
286	93	718	681	280	718
836	493	118	701	364	350
506	113	506	547
306	143	306	97	280	289
816	333	816	333
796	13	796	796
566	123	251
796	543	881	44	500
256	603	791	905	614	422
206	623	511	206
976	263	771	771	130	439
396	743	561	561	670	118
326	358	964
926	121	302	929	929	302
976	371	592	129	210
596	451	542	729	324	542
636	151	132	444	132
326	21	962	474	609
156	811	852	324	615
996	491	802	974	383
116	581	792	144	738
466	181	362	654	181	817
646	81	52	325	369
296	321	892	415	100
136	731	362	115	115	463
336	971	72	968
676	231	132	178	370
146	621	192	138	830	830
216	511	562	158	60	158
426	491	882	458	25
556	451	842	328	451
716	611	642	716	910	716
996	561	652	996	757
996	181	662	996	434	996
476	771	72	771	910
156	781	492	781	460	879
996	871	142	871	860	408
566	571	492	571	963	548
106	101	190	152	219
206	911	830	42	665
556	321	370	370	439
206	211	410	410	565
676	711	500	500	618
766	311	130	804	399
306	381	200	964	395
136	101	330	815
236	451	720	335	222	38
666	471	700	175	559
866	91	240	995	713
986	31	220	985	31
276	91	300	438	300
966	991	70	928	70	923
76	361	400	758	684
46	931	170	988	574	675
436	391	300	58	565
236	211	330	758	575	252
436	801	260	928	403
296	511	390	418	511
556	11	870	11
756	701	654	989
176	91	394	555	890
846	341	534	55	341
526	411	424	703	495
986	931	604	48
366	331	44	68	68	802
456	11	144	11	840
946	591	674	591	797
846	631	513	22
816	1	683	162	1
596	631	153	269
136	411	993	625	469
516	961	253	665	750
346	531	413	665	780	449
146	301	713	515	330	515
616	971	153	575	450	168
576	741	953	953	449
506	701	303	303	385
66	311	813	813	785	119
786	451	113	113	451
626	991	703	178	570
226	821	743	248	560	248
236	291	863	236	307
866	951	483	866	866
206	361	833	361
696	781	828	62
346	101	218	722	9
976	991	908	522	879	660
176	191	708	982	870
356	191	478	142	914	975
456	621	588	702	884	621
616	841	8	282	185	499
816	571	218	582	816	816
446	601	158	432	601	432
776	701	138	432	701	317
716	311	38	962	311	674
46	741	818	610
296	191	458	370	370
406	371	58	360	360	795
316	701	918	450	450	701
716	271	258	610	705	271
496	491	138	30	496	496
726	361	148	330	361
726	1	198	274	72
396	761	258	474	122	580
656	121	348	604	979
996	321	448	94	329	640
296	221	668	44	55	649
866	131	278	374	131
806	261	368	63	549	340
146	191	578	483	615	880
216	751	388	593	593	751
816	881	438	513	881	457
751	502	502
301	902	902	288
891	342	49
181	152	589	620
731	12	470
781	542	240	515
111	912	910	555	174	912
141	892	847	892
921	822	487	440	440	345
611	252	707	154	625
21	502	397	968
261	522	474
921	402	104	402	207	402
911	212	54	737	713	212
631	682	394	795
51	92	684	605	51
651	382	24	958	265
161	622	334	756	580
821	52	234	821
1	872	725
111	232	955	232
131	542	585	542	585
61	532	345	729	532	345
441	592	615	410
771	562	935	447
891	672	965	417	672
201	832	675	154	832
371	322	395	14	620	138
921	952	525	894	396	921
301	442	95	95	940	769
871	692	625	625	730	158
271	962	295	295	284	295
241	122	965	953	122
341	522	265	341	294
141	422	135	141	438	422
191	72	43
221	222	673	221	222	684
941	662	98
221	292	618	292
191	762	938	762	725	669
191	702	878	702	191	702
101	552	768	400
531	212	778	330	212
751	652	168	64
461	792	898	294	470
1	392	908	94	35
691	832	338	154	696	857
441	972	248	495
861	102	558	253
591	62	348	723	591
791	152	318	318
491	342	218	218	342	506
571	232	488	488	490	199
321	802	318	318	80	318
481	942	428	428	884
841	712	138	138	234	70
861	912	718	286
471	792	278	306	510
541	652	688	126	324
101	792	98	106	624	792
931	312	168	931
911	402	598	911	402	435
381	322	698	381	322	698
531	522	978	531	260	65
721	582	548	721	548	403
631	632	46	357
981	112	576	687	684	740
571	272	756	756
761	582	516	516	582	7
81	452	736	736	310
431	32	896	896	770	388
271	632	496	496	280	271
691	302	36	36	594	270
471	962	756	756	373	373
251	962	566	251	600
921	52	466	921	350	289
991	882	826	991	0	185
691	292	566	691	210	888
891	652	891
301	652	301	660
721	552	721	100	798
711	822	711	367
661	792	661	84	30
211	292	211	211	292
331	332	331	331	80	128
651	142	651	651	263	263
491	290	302
631	510	232	729
991	180	872	180	208
551	270	432	74	336	617
661	460	302	635
861	970	692	548
511	390	162	28	390	28
891	520	262	428	891
421	20	332	696	20
901	850	492	726	850	518
421	60	142	421
161	630	802	161	630	229
21	850	152	21	967	850
661	340	919
471	630	79	79	630	28
111	440	440
391	460	460	515
741	60	60	115	60	741
271	470	470	685	326
611	720	720	728
181	370	370	578	370	578
411	490	490	386	411
461	460	460	461
871	270	270	871	592	645
161	680	680	161	680	138
291	720	720	291	507
921	940	940	921	257	940
941	160	324	695	639
681	970	84	633	84	929
991	420	15
221	790	435	242	4
641	360	355	932	355	641
931	640	565	849
11	330	725	279	330	748
561	260	305	949	73	305
521	400	35	400	35	521
681	910	515	910	681
971	360	295	844	103
831	940	985	985	940
941	880	885	885	880	648
451	740	895	895	784	316
41	360	85	153	85
821	390	65	193	138
871	40	875	96	40
291	390	205	516	783	205
21	970	95	316	943	628
381	870	285	381
901	460	255	901	460	699
791	510	185	791	510	288
561	880	645	561	657
391	470	308	62
251	540	298	502	436
911	510	488	510	29	3
821	850	208	850	821	850
211	840	948	425
891	460	218	145	772
391	60	68	255	712	68
791	380	578	815	380
441	840	968	968	672	968
341	300	198	198	300	341
601	580	548	548	3	615
461	820	878	878	373	878
611	50	548	426	50
81	910	988	81	64	462
491	140	188	491	403	135
671	430	896	671
531	180	546	531	732
21	970	866	21	892	818
21	620	326	21	620
91	30	966	91	30	69
531	220	466	531	220	220
201	500	346	201	500	78
521	200	626	521	200	626
501	910	106	501	384	106
961	620	876	961	493	525
951	530	886	951	763	488
261	580	261	942	908	789
451	50	451	50
111	600	111	657
501	900	501	957	900	178
711	930	711	488	582
121	90	121	998	162	379
101	440	101	101	440	968
31	427	972
721	117	392	695
751	777	212	885	212
841	437	62	505	62	505
701	907	942	745	830
901	637	12	538
421	987	192	421
981	817	52	981	545
601	657	962	601	536
651	987	230
561	977	430	652	977
111	667	940	262	111
41	827	940	940
841	117	600	600	918
571	427	800	800	571
291	867	380	774	485	380
31	377	760	924	348
561	477	740	864	578	375
641	617	350	584	438	566
461	207	60	394	196	461
1	827	920	725
981	287	320	285	232	838
931	227	370	458	370
241	97	20	28	20	906
931	677	800	116	800
961	167	50	836	50	836
761	57	820	926	284	926
751	957	900	751	862
601	57	300	601	694	695
341	867	894	32	856	894
931	137	24	705
711	597	224	35	770
421	207	724	313
731	487	894	438
441	337	114	28	509
901	477	824	268	6	901
511	867	304	698	511
941	277	414	796
871	197	324	756	245
921	987	503
131	647	743	305
571	207	223	385	620
921	867	593	593
781	217	103	103	944	59
821	807	473	378	880
781	97	603	168	484	12
411	407	633	628	205
511	427	583	568	583
71	27	743	718	743	855
581	597	613	388	581
601	177	613	566	600
941	417	498	582	604	15
381	707	298	962	566	707
11	447	598	312	196	11
931	397	438	410	172	509
441	997	278	620	752	441
661	597	378	940	940
931	387	888	940	435	940
371	77	718	470	306	77
791	387	808	643
961	127	948	383	632	961
651	377	918	873	170
91	157	158	583	35	900
561	484	372	863
891	624	82	988
931	574	872	378	872
881	924	249
61	914	789	140
941	664	499	0	499
721	724	400
561	984	290	49
1	14	350	685
851	24	960	398
901	204	760	438	760	749
581	164	310	418	310	418
501	274	425
771	404	335	479
721	374	585	389	470	658
41	254	795	30
331	524	405	640	442
631	474	675	70	412	675
751	164	355	60	689
841	324	835	920	324	179
561	904	395	395	560	559
181	154	115	115	480	928
21	344	595	595	870	21
921	174	865	33	206	402
991	244	625	991
911	574	395	911	552
601	474	575	601	820	539
991	244	965	991	380	108
881	514	735	881	514	410
501	394	58	642	69	340
881	354	828	660
971	554	678	770	769
61	44	568	430	568
111	734	738	738
711	854	38	38	960	711
721	764	616	682	785	990
441	804	556	722	568
771	904	771
651	864	651	282	715	393
101	904	101	872	908
341	904	341	830
971	464	971	900	558
81	794	81	137	920
81	194	81	107	670	468
31	644	31	644
621	604	621	604	892	505
501	774	501	774	130	905
191	4	191	538	90
511	134	511	511	490	618
51	924	51	51	924	680
121	943	672
661	333	192	589
361	333	472	309	260	328
531	313	292	576	531
251	33	922	251
161	873	932	161	873	932
851	123	849
151	963	509	509	540	8
511	333	289	450
501	63	260
391	443	440	79
941	803	740	941	803	740
481	143	367	980	948
31	873	267	873
361	953	94
761	33	674	696	590
41	303	84	41
221	723	555
131	383	155	342	155	131
501	603	265	480
921	793	955	720	79
801	753	655	650	938
751	213	695	244	726	437
341	503	525	494	341	220
581	633	25	25	570	248
161	443	775	86	443	778
861	193	193
961	133	133	895
891	153	153	808	694	310
871	943	943	398	943	943
381	23	23	386	697
801	973	973	801
951	863	863	951	770	908
81	563	563	81	147
841	593	88
881	653	368	92
531	283	208	182	557
211	463	188	422	545
231	783	878	670
21	23	68	660	399
401	783	828	70	828	783
701	263	558	784	784
271	643	878	295
101	933	558	933
911	383	8	383	564	409
501	833	178	833	216	930
521	273	758	758	384	309
561	293	958	646	410
621	923	518	956	923
1	3	38	1
131	993	758	131	722
331	383	386	167
961	603	876	777	640	598
171	813	136	136
221	653	786	786	920	268
841	313	726	841
581	583	506	581	583	385
521	673	521
481	723	481	442	378	442
471	663	471	130
171	673	171	710	478
151	953	151	837	230	698
471	743	471	743
901	673	901	673	398	42
41	623	41	41	910	638
661	528	392
831	528	772	399	160
211	808	202	239	0	808
911	938	712	917
961	688	112	84	15
611	988	242	844	611
731	508	252	785	731
291	618	162	426	747
301	868	932	616	616
931	538	270	592	509
231	298	350	642	231
601	638	370	370
341	978	580	580	159
81	158	480	480	675
801	48	70	125	79
241	758	620	356	356
1	278	810	986	1
601	648	300	601
491	828	954
641	8	94	882	429
61	648	194	380	819
961	758	834	800	565	800
341	968	254	590	55	406
221	738	764	750	738
951	238	744	195
471	708	154	335	50
711	598	384	663
681	18	734	843	559	800
911	218	114	343	218
221	308	484	743	846	830
451	728	124	186	451
181	648	874	181	760
171	38	204	171	713	295
481	198	264	481	203	198
871	8	23	992	871
411	128	833	729
231	138	153	289	800
941	878	243	335
741	178	123	485	542
51	48	153	475	0
111	558	513	25	540	558
931	518	273	273	931
521	368	863	521
311	508	973	311	217
721	436	492	538
691	656	970	758	970
521	26	240	521	26	240
631	646	594	502
501	626	834	925	750
261	576	261
