582	969	582	969
322	959	959	880	555	959
92	809	794	92	231	990
942	979	793
942	567	942
792	45	873	159	873	856
402	108	402	309
372	368	640	369
122	168	410	105	122
192	38	286	567	324	95
122	451	857	122	538
139	502	675
279	952	205	952	804	279
739	782	296	117	920	398
329	134	230
569	904	685	720	268	593
99	134	16	757	790	99
129	664	661	150	808
29	383	340	96	501
179	643	598	81	20	598
739	113	696
379	103	276	276	260	78
489	608	983	985	120	608
560	822	926	774	560	458
420	779	584	561	973	908
950	675	799	984	781	950
180	755	396	802	755	479
947	552	179	660
827	672	538	969
877	442	958	69	930	545
587	132	591	678	540	59
87	272	771	771	750	999
97	960	455	241
867	150	398	150
937	290	928	5	290
537	930	581
307	124	831	307	270
527	43	242	618	379
807	423	538	906	840	538
304	835	36	172	835	150
445	630	712	601
615	400	856	97
845	850	51	51	850	399
455	534	279	534
965	763	763	965
123	777	964	662
793	305	742
483	268	582	749
683	228	791	500	791
228	972	779	844	844
858	542	866	540
388	2	961	293	293	425
8	150	472	409	150	8
458	290	665	581	290	458
68	560	986	560	35	101
418	840	546	421	840	546
298	380	961	702	254	875
548	200	491	924	945
988	874	86	86	900	988
28	303	439
316	392	417
166	512	634	819
976	20	20	449	20	308
856	100	925	856	100
146	90	318	32	344
606	590	678	590
656	90	571
206	997	350	202	208
546	747	450	761	747
26	567	14	275	320	678
596	357	623	272	371
286	754	965	159
386	315	50	782	309
666	983	479	162
326	963	797	963
226	363	363	521	757
736	441	280	280	15
856	601	990	768	990
426	201	428	853	201	767
461	862	757	778
321	632	266	677
21	702	146	146	10
11	830	262	11	27	830
531	260	205	784	283
241	520	838	662	756
841	240	18	685	240
451	330	926	451	762
401	127	390	592	401
271	777	990	346	990
451	997	934	525
481	737	903
251	347	8	363	420
241	914	565	120	849
581	234	405	581	700	659
391	463	952	606	391
491	523	523	388	523	523
61	23	588	588	114	749
461	903	856	856
681	593	296	681	593	465
381	103	381	770
321	158	152	225	321
691	8	594	691	353	185
921	138	133	209	40
121	356	532	228
