962	669	962	669
132	639	132	411
472	819	472	361	754
542	949	949
472	99	99	472
532	459	459	20	459
332	899	899	510	695	899
272	49	49	390	88
542	949	830
362	609	900	362	609
932	859	730	15	234	932
562	729	610	631
552	229	647	730	448	730
282	559	794	282	791	150
22	609	514	833	985
802	249	934	21
402	749	235	402	91	250
352	509	43
562	199	783	325	214	325
52	39	263	218	430
232	439	33	758	560	758
842	979	443	408	555
452	769	208	610	452	769
902	599	358	873	464	621
42	870	355	870	42	355
792	510	753	855
82	490	868
122	760	98	122	441	760
92	610	608	814	610
512	880	618	344	880	819
762	60	478	33
452	610	168	263	746	610
222	590	816
772	867	772
802	587	820	802	129
192	987	964	885	599
212	437	584	535	21
372	887	83
442	487	163	528	976	520
172	627	196	172	425
452	74	819
2	694	459	2	325	541
812	344	819	420
502	884	39	40	548
822	174	525	963	174
862	384	805	91
572	244	593	795
272	244	448
762	954	378	762	15
312	314	158	310
112	304	478	430	478
292	154	208	154	686	417
982	734	608	681
932	954	441
822	814	781	814	993	475
122	15	122
152	235	152	235
152	945	152	945	152
402	115	402	115	402	826
152	475	152	475	479	152
432	45	199
552	245	919	552
782	225	449	348	423	225
982	565	710	982	528
462	805	450	462	511	767
532	595	510	595	479
682	355	320	355	906	211
492	695	520	695	11
812	775	970	826
922	565	100	526	274	526
932	45	894
792	855	534	153	855
172	525	4	66
362	885	44	496	20
212	335	335
572	645	645	572
52	465	465	52	611
342	335	335	990	741
432	215	215	4	111	50
22	35	35	463	35	22
862	375	123	862
642	835	493	259	190
622	105	923	589	923	446
842	905	583	154	905	540
942	545	873	564	545	571
682	645	453	645
562	645	83	648	231	727
72	615	943	181	114	72
712	735	793	921	921	712
492	855	683	401	401	683
332	785	606	332
802	945	966	802	808
592	705	116	592	41	30
962	955	671
272	495	201	272
662	85	741	310
542	335	301	300	636
422	125	751	177	910	478
12	235	61	524
382	885	751	304	382	530
172	815	501	444	172	8
992	735	941	478	992
972	825	41	68	720
682	175	671	88	944	175
492	603	938	874	106	261
62	683	918	81	62
952	618	952
462	648	462	609
752	528	752	929	3
612	618	612	224	405
22	248	22	248
2	538	2	538	2
122	998	122	998	122	303
422	688	422	391	344
302	88	999	620	385	501
202	428	869	704	486	617
862	758	149	183	758
92	528	289	528	764
502	558	600
592	688	240	592
102	828	480	102	159
342	578	930	342	578
432	478	710	849
222	878	300	614	661	543
522	68	700	465	522
422	758	310	55	422	310
452	728	630	995	369
722	768	910	15	871
872	738	70	661	70
832	858	257	832	858
582	928	197	582	781
712	128	474	712
972	848	804	939
772	58	184	833	256	90
642	68	14	463	576	463
692	808	264	963	121
672	638	454	676	960
622	928	294	886	10	775
562	438	294	26	701
742	58	924	96	31	742
212	608	164	11	170
552	148	635
682	948	605	682
822	468	645	670	670
752	238	225	804
632	678	203	632	678
902	118	433	902	226	821
412	898	423	564	289
82	338	293	484	505	211
332	418	673	673	295
852	228	603	336	750
872	818	818	872	107
132	848	848	132	815	861
152	738	738	152	6
452	968	968	940	452	968
492	358	358	10	125	61
502	428	428	550	816	161
892	558	558	274	939	530
422	608	608	234	650
482	658	658	964	356
662	588	588	104	966	337
312	958	806	260
862	478	506	30	445	703
622	498	226	350	226
122	788	786	917	354	185
392	438	266	584	455	600
902	258	916	94	215	503
912	818	476	684	476
2	48	126	83	205
712	868	706	323	675	323
762	758	11
492	728	351	492	728
92	858	581	487	92
512	468	591	294	512	679
232	108	851	994	936	851
42	166	42	555	42
432	396	432	338	763	45
372	586	280
152	356	337
692	206	947	40	175
922	216	717	460	216
112	456	37	590	791
862	596	847	604	805	430
782	556	877	43	798	120
352	186	654	329	110
862	376	374	841	374	862
332	326	5	673	278	781
732	216	853	515	294	732
872	56	833	838
382	886	886
62	936	936	62	154
262	16	16	262	58	131
212	526	526	212	891	370
162	56	56	340
792	876	876	660	625	591
962	916	916	490	348	701
872	946	946	160	946	946
862	656	656	840	301
232	666	666	640	51	666
742	586	586	224
142	956	956	174	956
752	136	136	614	136	650
372	866	866	764	866	467
62	356	356	504	356	971
282	46	46	553	628	861
842	846	761
362	736	1	362
312	866	921	312	588	830
72	586	491	72	998	491
812	236	811	490	490	288
302	986	931	990	508
202	696	361	880	348	845
402	126	201	624	485	201
752	246	851	634	558
802	826	361	34	361	260
592	966	431	583	348
122	146	691	948	180	948
192	551	450
862	891	380	236
612	171	507	612	468
822	861	507	993	168	861
2	51	614	886
22	901	13	155	770
742	981	543	625	830	758
822	911	193	35	234	822
242	151	818	564	242
372	381	381	372
42	361	361	42	444	745
152	801	801	152	378
932	311	311	770	535	659
812	871	871	320	905	871
592	931	931	830	908
222	561	561	590	928	905
532	961	961	780	596	961
62	691	691	884	819
522	971	971	324	548	920
792	761	761	923	268	875
329	502	329
809	622	809	622
509	442	509	509	80	448
779	512	779	990
659	12	659	783
709	692	170
369	342	330	798
999	922	167
939	232	927	623	623	935
9	552	974	305
49	972	694	348	972
379	572	904	258	904
399	802	424	636
799	42	445
959	972	655	972	894	959
9	322	755	9
899	682	445	899	682
399	542	15	399	950	568
29	872	775	944	473
379	742	865	865	160	288
829	742	865	541	742
269	412	485	571	703	485
229	572	713
559	2	53	664	295	330
759	602	818
859	822	808	822	31
129	62	58	640
499	222	368	240	368
789	372	828	174
839	702	658	745
269	572	438	445	370	269
759	492	928	195	450	928
549	592	428	583	583
849	142	518	518
799	802	818	376	411
499	722	838	661
519	822	88	931	580	88
109	802	808	621	353	216
239	472	518	931	518	800
469	562	158	51	596
849	62	146
599	232	976	327
819	192	746	957	280	819
969	542	56	247	660	660
459	162	226	127	950	428
799	512	226	194
99	202	176	885	651
559	142	916	916	814	690
439	82	101	82
49	582	991	340
919	72	391	590	338
659	32	281	594	973	485
669	910	392	669
889	510	472	889	510	265
829	670	272	829	670	868
229	430	912	344	728
599	450	522	575
19	870	702	315	870	328
649	270	632	488
899	340	82	38	404	340
119	210	922	898	271	77
129	220	272	476	227
939	60	972	731	357
689	910	689	493
369	700	700
199	860	860	199
999	670	670	268
819	330	667	622	904	708
839	240	167	833	208	365
209	530	167	423	128	876
79	490	907	333	338	271
419	950	174	735	463	856
229	50	574	756	771
269	630	885
869	110	105	72	978	933
169	710	945	742	731
509	490	635	509	2
59	510	705	510
919	300	705	414	300	228
159	640	765	765	640	21
239	430	415	703	191	430
899	470	195	276	470
599	80	945	826	80	945
489	810	515	561
169	760	505	121	760	758
489	10	835	451	824	835
89	640	403	751	932
379	400	798	642	957
999	80	678	982	521
559	730	278	112	851	730
889	750	758	750
309	730	578	174	309	730
539	200	58	535
369	720	866	862	705	369
259	10	86	10	10	259
709	850	556	850	578	221
29	200	296	744
189	260	626	484	298	260
29	0	96	284	96	611
289	130	76	76
489	840	46	46	2
509	630	91	82	844	75
459	70	281	472	658
929	930	991	930	965	991
839	540	701	540	328
509	730	501	730	406	501
719	720	211	684	365
849	777	812
429	637	952	194
409	607	612	95
369	937	682	738	365	682
299	367	130	348	724
239	347	463	285	94
239	707	783	783	955
629	417	223	201	394
979	674	372	460	65	460
599	544	682	75
889	124	889
349	114	349	349	170	348
669	744	669	744	830
649	584	649	584	315	360
829	274	829	65	662
719	994	719	635	561
699	194	699	376	151
149	494	540
329	824	300	845	300
439	764	870	658
239	154	100	246	154	246
539	454	520	31
679	994	150	221	150	448
809	584	584	863	809	863
209	644	335
39	834	615	232	318
399	214	735	399	240	148
809	984	55	810
459	344	225	0	678
169	674	435	730	918	503
989	314	855	855	50	98
259	474	225	61
959	854	233	959	170
719	44	733	466	870
819	174	903	901	42
839	564	348	839
869	274	358	320
689	24	908	191
749	734	158	561	30	385
59	4	956
369	484	326	807
989	234	96	867	630	989
509	404	756	477	900	698
99	384	156	845	22
719	894	176	176
429	504	346	91	652	429
279	834	741
149	834	301	762
279	324	51	310
319	84	811	130	578
799	104	171	37	180	798
619	194	561	183	485	850
209	194	721	721	803
789	613	42	721
279	343	642	531	570	279
519	613	252	481	560	838
669	703	669
649	733	649	649
829	773	829	829	230	829
89	423	89	89	980	148
579	843	579	579	994	320
629	963	629	963
469	873	0
749	583	110	68
739	763	900	66
209	783	690	976	785	121
319	493	360	526	241
959	43	714	415	122
339	863	234	931
349	803	334	461	470	349
869	603	835
999	773	575	592	721	960
869	903	25	690
679	113	755	660	660
339	113	795	795	252
909	763	165	165	763	551
519	383	535	383	148
669	753	935	206	504	400
879	803	895	791
459	763	763	459	102	459
249	743	743	225
749	963	963	168
419	813	813	538	460	419
439	943	18
879	403	78	372	879
429	983	548	592	429	983
159	203	548	870	870
919	583	428	834	872
959	853	948	85
629	343	678	476	752	629
869	273	28	586	330	28
209	933	698	101	860	698
849	833	518	611	206
189	93	56
809	223	526	582
779	163	716	682	779	877
939	643	936	760
779	243	626	780	658
869	13	946	444	946
99	623	76	76
349	673	576	576	300	658
299	753	281
699	303	571	12	138	699
539	573	841	562	841	830
99	593	831	50
759	553	961	900	759
719	733	511	90	38
689	693	71	364	236	627
249	233	861	861	610	249
19	153	531	531	880	218
119	818	902	644	55
169	88	702	884	125	270
459	438	642	395	71
109	428	702	541
949	898	92	491	510
919	408	120	812	919
679	28	810	292	28
949	358	270	270
459	238	370	726	726
799	458	860	146	41
539	48	904	522	306
99	738	784	500	99
309	168	614	780	168
589	88	354	650	956	401
79	68	154	795	795
749	328	553	424	541
199	308	863	235	812
189	108	913	75	480
609	578	713	205	820	578
319	918	413	536	536
680	882	385
740	692	818
430	532	368	430	469
590	952	118	175
980	642	118	125	980	118
480	72	818	691	257
940	542	46	940
770	52	916	770	678
390	302	46	604	390	298
230	112	396	381
650	902	956	681	650	628
890	442	71
860	412	261	860	205
130	562	171	130	358
560	62	451	996
830	719	719	830	268
430	9	9	684	56	787
70	779	779	413
0	589	0	42
170	139	87
390	759	484	91
920	599	804	161	183	428
630	630	428
720	720	748	624	720
950	304	269	950	375	111
0	714	389	0	758
150	994	821	897	150	198
130	135	342	130	135	342
390	505	92	801	390
850	155	899
770	975	219	770	632	878
370	865	249	370	249
810	435	699	810	228
820	835	469	820	538	820
290	575	49	994	541	290
950	325	499	213	888	950
260	465	619	553	986	986
780	355	717	172	331
520	975	975	520	872	449
770	685	718	293	293	911
500	865	346
350	715	566	112	715	209
990	925	656	872	291	990
60	515	576	60
30	405	856	30	972	581
230	365	496	230	981	230
560	415	396	321	992	508
830	45	861	942	409
50	845	541	50	288
80	345	521	984	162
430	455	441	844	88	430
840	855	481	823	855	840
170	895	191	248	170	170
200	233	312	135
540	333	815
520	213	406	352	71	520
450	703	456	64	9	450
570	963	646	314	295
510	248	722
30	968	822	319	30
770	308	882	206	770
500	568	622	676	500	159
110	308	272	156	110	308
620	858	759
690	598	690
790	438	724	12
220	188	495	220
560	868	363	939	560
170	798	903	619	170	619
110	298	993	716
410	538	673	536	410
750	748	748
880	388	388	162	715	409
540	618	618	472	305	641
390	118	118	2	591	2
20	608	608	624	121	20
210	158	158	343	158
400	558	56
750	348	251	237
540	178	281	867	540	555
670	146	670	328	670
930	616	647	54	85
990	466	225	990
750	406	406
850	446	446	850	169
570	676	676	393	924	355
140	616	731	952	449	233
460	336	841	832	841	460
570	166	41	570	458
560	56	831	168	560
670	236	91	888	994	965
150	271	672
590	911	257	752	25	590
910	691	537	910	625	910
860	571	737	860	98
990	331	747	444	319
970	921	717	234	109	970
890	71	827	994	225	890
340	211	297	675	543	936
720	391	527	633	776
110	111	595	462
667	702	549
767	542	399	399	410	655
227	632	79	79	974	750
427	42	519	519	983
327	572	949	680
587	212	170	251
427	692	427
817	182	234	595
817	662	124	245	160
967	572	394	528
287	322	644	988	219	153
517	752	984	678	670
507	692	74	628	470	639
557	92	84	568	320	185
597	192	75
227	972	825	589
627	902	845	639	100	639
737	672	635	239	630	308
707	702	335	335	702
437	172	465	636	172
117	972	215	526	670
687	82	75	311
747	82	353
787	112	763	728	814
477	72	468	72	6	6
157	452	368	559
597	992	188	669	570	525
87	932	818	109	230	818
877	862	418	410
827	182	258	14	176	827
237	112	378	805
947	22	698	698
777	722	798	16	777
407	432	538	311
707	822	608	901	434	25
197	752	466	752	585
577	582	346	577
237	132	696	237	700	58
537	212	476	476	212	978
417	102	546	611	102
427	302	896	571	90
507	742	966	781	620	315
747	862	106	501	490	128
137	492	601
497	772	511	110
447	412	291	270	738
137	352	291	137
907	562	911	907	624
507	372	241	598	140	599
7	62	431	431
817	842	851	851	710	439
587	62	931	931	910	828
447	220	772	149
347	130	662	799	130	799
267	390	512	249	390	228
537	820	982	758
967	330	472	268	330	268
277	410	962	928	206	410
517	300	762	808	176	721
177	690	712	238	311
697	280	162	48	171	697
617	470	122	228	981	976
927	170	972	351
417	450	282	421	450	448
607	10	512	761	607
197	640	939	640	48
687	220	220	319
377	150	150	539	150	368
697	610	610	938
257	970	634
497	400	634	634
757	230	844	398
307	150	305
437	590	905	552	879
777	160	245	599
347	510	385	385	862
647	830	845	845	624	845
777	840	475	771
477	230	335	181	230	78
897	780	108
867	290	118	209
347	490	988	569	490	988
307	330	918	330
207	10	728	10	602	551
107	360	158	360	164	545
287	540	678	540	843	285
547	710	98	710	381	863
447	800	408	224	3	991
837	980	98	885
837	640	898	365	640
87	620	758	655	144	672
987	450	128	743
527	180	8	163	134	419
357	230	828	283	714	355
977	790	998	813	515
457	460	728	896
307	840	678	806	840
7	620	508	486	620	409
737	210	608	906	314	608
357	440	246	781
657	670	591
217	410	211	410	118	223
587	650	91	91	650	978
547	854	292
797	674	112	5	841
857	384	122	301	370
27	844	409	409	780	95
327	714	569	560
497	244	29	660	29
857	824	389	320	378
147	924	670
687	984	30	39	30	658
127	684	640	188	923	575
677	114	370	838	543	666
367	574	335
97	544	885	149
37	104	595	489	160	38
287	204	115	163	204	269
217	104	465	901
877	484	865	771	990	488
167	244	898	150
487	114	828	70	259
807	564	478	430	478
557	254	598	223
997	54	348	306	120
857	514	816
737	894	6	737
7	224	336	785
517	824	246	246
697	564	266	266	140	538
877	494	966	351
837	14	826	611	14	970
257	854	176	781	973	385
17	674	191
287	404	231	287	750
427	504	201	427	480	658
577	784	871	871	450	848
657	253	192	778
907	303	202	38	499
577	723	402	358	506	170
37	433	652	636	941
267	363	499
37	643	809	809	390	365
227	813	459	459	470	438
107	713	230
397	373	260	658
787	253	944
717	103	744	65
627	163	144	786	810
427	293	884	906	431
927	513	524	951
607	163	715	459	52
867	683	545	549	683
377	583	165	470
597	623	295	570	286	221
157	123	775	44	500	439
137	743	855	743	978
477	193	193	819
567	583	583	759	70	759
787	513	513	759	324	50
137	943	943	279	943	943
487	683	683	15
87	963	963	46	540
737	13	13	656	737
737	983	983	811
927	243	243	541	910	138
37	643	868	612
817	963	818	789	380
807	953	138	235
197	273	888	565	220	549
227	73	8	825	760	8
957	393	158	425	430	781
307	513	308	308	54	619
237	93	788	788	93	788
777	113	808	356	190
147	343	848	306	220	848
757	233	638	256	441
337	313	646	90
367	783	36	760	489
977	673	956	244	410	128
207	123	996	861
687	513	576	401	530	108
997	803	946	711	434	900
537	203	951
887	613	61	14
717	73	701	701	770	768
494	482	823
464	979	212	915	391
44	79	79	372	621
364	849	430
174	379	520	832
294	609	370	842	370	609
924	909	720	762	331	720
984	39	100	984	146	501
294	899	70	256
744	539	744	73	711
14	409	14	131	60
564	509	983	206	350
224	537	224
224	845	842	845	920
724	355	439	902	355
644	105	889	382	105	570
204	55	399	2	968	891
214	695	819	730
454	605	289	320	320	289
374	165	229	520	165	520
314	665	649	840	665	761
274	895	679	274	891	150
524	145	549	693	693	488
74	325	539	338	74
504	15	20	718	681
174	455	857	400	808	400
34	965	34	223	965
794	495	794	511	794	646
654	185	185
414	155	155	512	681	580
414	445	445	120	378
934	75	75	880	986	986
374	515	515	660	86	301
424	585	585	390	271
494	385	943	385	420
444	905	283	356	444	905
214	395	88	633
44	585	268	983	912	819
964	695	356	422	695	470
944	955	46	480	302
404	225	916	210	210
664	135	996	310	310	998
474	665	186	380	258	881
554	5	696	10	781
264	685	536	877	783	110
444	15	16	444	69	130
44	25	866	44	866	471
544	105	696	351	822	8
124	905	51	510	905	409
54	445	501	260	445	501
874	85	321	890	548
54	535	381	330	818	535
744	995	901	744	995	240
774	505	791	493
534	605	991	693	660	469
574	45	601	243	45	260
294	465	851	433	628	851
704	283	419	492	81	760
454	393	649	454	649	270
724	353	579	724	575	850
124	163	369	124	391	380
864	763	419	763
354	493	939	493	996	493
794	423	575
954	863	695	863	695	490
744	23	341	162
504	118	572	999	890
364	818	152	81	250
974	398	650
884	278	550	355	550
14	318	14	472	655
444	728	444	199
384	788	384	789	670	86
524	568	524	839	524	705
654	768	654	456
334	328	334	66	890	449
614	588	614	986	614	725
244	228	244	71	244	396
34	808	833	995
304	778	583	315	140
884	488	273	405	530	488
404	556	492	571	404	705
864	576	313
234	166	166	870	234
944	386	386	944	131	80
714	956	251
934	461	710	588
284	801	517	360	208
144	921	366
455	112	112
325	392	309	309	570	948
795	972	309	764	378
335	692	620
745	352	664	352	359
525	592	564	592	525	961
205	152	624	459
755	182	904	755
615	822	234	553
145	152	614	986
855	412	194	646	847
805	212	805
515	212	515	212
305	12	305	709	214
905	532	905	940
825	362	825	740	756
455	102	455	93	484	609
305	982	305	721
355	192	583	426
115	742	878
885	602	398	889
965	52	348	39	443	443
465	382	588	240	96
555	292	788	154	555	630
895	262	378	378
795	872	448	448	872
25	2	178	178	2	756
535	782	586	782	248	409
155	822	966	567
255	602	476	884
795	352	786	24	763	795
445	922	986	791
225	772	761
895	732	241	732	895	241
965	352	971	590	456
405	592	491	317	200
465	162	721	527	480	568
875	72	201	654	633	875
645	802	371	948
305	72	781	418	733	305
15	512	691	691	30	358
175	360	322
745	500	622	141
295	350	682	981	350	295
915	550	982	881	927
45	730	59	59	730	888
405	840	840
485	730	730	449
965	220	220	779	220	788
965	870	870	319	346
155	310	310	448
295	240	240	136	240
805	970	970	791
955	60	804
265	110	14	586	11
145	440	145	141	882
15	400	793
265	520	553	265
495	650	718	614	495	650
725	680	246	680
525	190	186	257
725	180	916	916
965	160	106	341
205	490	536	131	490	888
725	190	251
605	120	751	120
815	440	981	440	288
15	460	131	737
445	470	821	357	470	918
705	640	261	314
485	650	331	331	650	439
115	90	41	41	90	388
545	134	862	191	862
595	54	289
785	464	439	22	785	22
485	504	989	710
485	254	109	254
75	364	559	793	778
555	124	555	500
915	444	915	363	915
295	84	295	171	697
745	324	513	691	422
355	854	736	560	854
195	254	496	195	932	496
725	984	736	736	170
405	254	21
885	44	511	710	68
665	144	191	127	510	168
765	394	331	394	339
15	244	701	313
615	74	931	453	615
765	504	711	728	563
465	374	491	491	290	488
815	143	252
55	153	379
285	123	79	79	970	318
895	283	209	40
435	313	829	870	829
565	143	79	564
335	643	889	643	656	570
875	43	734	875	911
905	703	914	638
495	243	904	316	110
945	153	945
475	543	475	692	954	119
895	803	895	742	654	78
405	193	405	822	405	240
45	363	45	559	942
315	713	315	409	713
305	463	305	680
615	973	615	990	615	990
435	423	435	780	435	571
35	893	35	420	236
765	33	765	0	871
145	483	145	74	483	145
955	263	955	955	42	411
385	183	385	901	462	385
935	973	973	935
495	813	813	906	330
105	833	833	796	60	88
25	413	328
75	983	918	482	918	209
645	653	928	682	791	170
735	843	418	484
995	523	308	194	842
805	403	628	374	460
545	163	468	434	351	50
535	143	48	481	157
755	903	926	70
265	553	136	0	782	265
355	613	816	730	29
695	163	226	770	428
285	223	156	894	285	240
935	913	351
425	773	961	872	425
15	933	441	702	441	680
45	103	721	380
175	73	761	630	719
5	303	561	620	708
345	393	171	427	580	568
715	203	501	684	203	715
565	631	557
493	372	48
213	62	568	650	139
573	72	216	990	72	25
723	222	836	300	836
783	302	716	344	716
913	822	656	941
773	122	891
793	362	731	690	362	618
853	252	271	850	895
803	332	471	387
493	292	801	47	600	439
173	729	802
753	839	839
723	769	769	874	906	467
373	429	429	216
243	749	650
723	629	270	723	985
343	449	24	46	661
793	679	793	308
483	259	483	248	190	259
323	699	436	323
193	480	295	924	295
143	400	8
263	360	806
163	97	984	692
923	947	923
403	4	4
323	884	925	41
303	324	216	324	875
253	205	542
693	215	209	914	215	410
693	655	580
683	215	230	518
323	965	314	323	965
643	425	636
383	645	446	10	541
963	675	266	634	289	960
113	685	891	113
303	303	634	369
993	993	255	886
363	363	225	861
703	703	338	639
923	923	131	114	649
253	398	842
663	538	632	559
543	378	492	645	221
643	638	542	831	720
413	288	962	201	413	288
913	298	959	852	994	905
193	528	149	940	528
543	278	390
63	258	920	712	89
553	958	90	955	519	782
823	88	454	960	615	821
923	998	524	637	923	695
673	878	844	176	673	285
713	648	815	602
483	468	595	802	201	760
423	698	755	964	836
183	958	183	424	949	880
963	928	928	764	536
63	718	861
463	758	811	760	811
23	738	971	497	804	869
353	998	931	307	353
13	76	430
983	956	704	339	100
983	236	614	980	898
363	306	363	785	40
813	966	966	390
793	366	366	950	424	245
913	476	961	330	294	5
463	16	231	0	485	231
693	841	142	841	390
583	311	37	60	148
333	871	504	322	285	871
113	351	424	113	576	770
213	861	434	861	434	536
683	331	683	816	804	816
943	641	641	262	148
313	521	521	770	868
473	701	701	473
198	92	92	309
538	732	732	606	567
778	872	769
78	162	719	162
278	432	909	432	278
928	982	9	854	982	635
618	522	599	354	354
928	282	869	974	923
338	272	239	934	726	37
348	472	119	113	795
958	582	947
508	262	267	179	262	508
798	502	654	502
798	232	404	849
948	192	454	199	740	948
528	722	934	695
548	742	204	295	420	548
148	362	274	803	274	89
298	412	314	336
738	272	114	966	110
938	92	404	6	730	939
278	632	724	66	150	278
8	922	804	716	804	325
228	592	615
498	172	495	172
998	482	795	889
178	202	115	939	202	115
268	132	655	659	900	268
68	312	785	969	304	68
338	912	965	290
598	782	625	954
108	552	75	574	219
508	762	315	824	315	860
168	32	65	65
48	702	695	181
158	252	855	11	252	855
378	292	745	391	920	378
88	922	88	950
368	252	368	164	376	447
448	802	66
288	392	626	392
218	132	856	132	235	841
98	12	736	40
958	342	546	20	515
428	242	486	470	428
748	652	246	657
418	562	636	247	530	418
518	52	356	194	643	815
458	382	356	356	640
568	992	176	681	490	568
768	362	231
88	832	991	832
588	772	421	890
738	582	421	180	59
538	412	11	90	538
828	822	621	807
38	912	111	157	600
898	472	761	577	750	599
728	72	401	57	510	728
788	692	991	474	905	680
568	372	21	454	463
638	142	581	724	953	295
128	2	571	134	571	210
468	462	71	923	923	275
218	322	851	851	322	485
28	872	381	381	710	55
228	712	281	281	410	228
308	442	821	821	914
708	682	821	821	473	85
908	770	612
568	870	772	179
358	900	572	659	659
408	540	332	609	540	408
708	660	302	708
528	450	112	528	450	528
518	200	912	26	903	245
318	810	399
518	690	499	862	485
58	410	659	52	58	410
508	60	49	812	508	195
958	760	999	762	958	841
398	960	489	242	811	960
868	120	609	609
98	80	209	209	80	275
888	230	69	69	230	888
558	640	509	640
318	820	309	820	820	309
508	340	719	804	402
128	830	49	493
628	210	210
548	530	530	949
108	340	340	839	340	839
578	650	650	439	650	765
268	430	430	859	430	268
318	80	80	225
258	420	420	866	420
428	830	830	126	521
18	290	290	911
118	520	677
408	20	557	992	904	408
888	120	697	432	16	697
468	690	437	690	602	499
228	830	527	830	742	228
598	610	357	610	122	731
408	850	697	403	850
308	690	127	873	873	109
868	650	514	515
98	560	204	75	62
708	140	34	315	416
38	480	284	866
468	390	64	541
618	440	594	21	440	618
208	320	185	569
258	100	805	609	100	258
298	740	625	740	206
538	220	515	220	571
628	250	715	944	715
998	920	185	544	446	597
548	460	445	445	460
28	110	175	175	110	411
28	250	295	295	734	295
8	700	875	931
338	630	895	561	630	399
408	720	735	761	720	720
678	740	555	931	740	678
248	710	248	792	501	710
208	290	208	290	412	659
508	170	508	170	170
208	40	208	40	915	611
308	330	308	944	916	330
798	330	798	433	433	721
78	560	616	560	622	41
98	950	956	950	679	822
208	440	666	440	440
848	790	756	790	790	359
818	980	946	980	5	219
438	370	416	370	635	370
28	500	166	500	375	261
558	280	656	280	901
888	820	166	167
998	550	636	487	743	550
348	240	206	604	539	240
908	810	376	734	665
708	210	196	644	645	912
598	660	296	234	296	131
608	470	536	153	608	81
188	760	786	921
748	560	696	151	560	748
548	640	966	801	640	966
458	250	196	311	954	458
528	850	196	181	34	196
618	120	921
688	470	301	42	14	205
68	600	681	812	625
178	700	811	882	178	309
158	80	81	762	158	80
638	590	631	590	955	590
208	500	41	500	315	41
778	200	141	200	146	141
588	90	841	537	90
938	80	981	424	372
288	350	91	174	350
828	440	151	694	440	828
968	290	1	744	925
398	180	961	484	35	262
308	60	331	954	308	60
488	820	371	663	488	371
288	830	791	573	966	966
798	50	851	798	492	149
38	220	301	38	220	220
268	550	791	268	393	791
948	870	261	261	870	439
178	360	11	11	360	178
778	627	92	656	563	775
898	517	590
418	827	50	452
28	517	310	310	165
278	17	670	94	965
748	407	560	531	303	748
28	997	834	755	270
708	857	654	655	653
198	367	373
938	474	112
138	484	162	95	701
848	404	252	211	252
248	594	189
388	364	29	29	170	285
708	904	579	579	160	708
428	424	789	810
108	684	829	740	995
888	614	189	490	345	431
308	294	909	600	308
448	694	380
238	834	680	238
8	284	205	419
8	934	165	609	530	609
608	694	845	190
118	154	275	275	840	118
298	874	595	886	490
988	464	755	296	490	988
148	914	303
748	224	723	661
118	294	513	271	630	118
8	584	586	440
728	464	86	840	85
88	784	616	920	88
868	244	606	437	244
938	374	646	646	890	938
488	214	436	261
728	244	931
208	164	911	682
718	224	11	390
528	73	882	539
118	543	302	359	20	359
118	943	632	529	630	118
608	643	72	345
988	333	232	988
668	903	972	668	150	668
638	453	132	976	871
778	503	939
38	673	559	559
158	933	679	679	104	515
218	133	679	70
428	783	139	880	895	41
668	133	509	190	133
368	623	680
818	293	730	49
618	393	590	618
988	413	327	532	505
618	383	974
68	403	404	59
858	263	174	921
658	313	935	579
108	123	415	249	220
128	243	675	349	243
68	333	465	790
788	423	423	239
758	653	653	825
778	663	663	116	62
808	843	843	256	251
398	453	453	151
28	423	423	1	320	529
718	863	863	561	660	718
998	753	926	180
988	633	866	70	609
508	233	186	800	31
948	693	116	154	180	239
18	823	856	374	800	18
518	93	36	344	605
798	393	546	546
948	503	786	786	420	948
468	183	886	771	820	468
958	73	606	111	958	742
298	473	671
188	473	91	2
758	863	361	152	615
198	203	401	642	401	320
368	913	891	540
128	323	481	180	128
298	83	121	47	980	298
608	93	61	93
998	553	851	553	998
968	773	191	191	152	815
908	933	81	81	70	195
268	953	671	671	120	268
396	282	282
186	742	19
746	872	819	819	740	395
476	342	449	570
376	642	319	627
276	672	999	727	140
126	722	639	844	126	131
296	852	459	703
686	612	299	668
886	992	410	81	410	158
76	612	677
956	892	647	647
656	992	744
886	612	434	549
696	492	324	985
976	632	984	285	621
906	12	24	608
146	792	914	61	387	830
106	762	755
196	252	405	252	784
406	412	735	939
926	572	585	869	572	585
936	12	405	59	610	59
866	342	335	399	790	988
756	882	305	889	7	634
376	842	735	220
816	452	565	94	860	816
456	442	185	456
856	372	95	856	40	994
536	872	505	536	814
736	232	685	131
716	702	715	571	664	418
146	472	485	401	213	485
616	912	23
956	502	68
586	332	198	332	332	229
266	442	378	379
16	562	718	880
476	992	128	444
56	822	268	835	822
56	42	868	493	579
86	782	678	523	525
376	362	158	443	376
386	812	678	678	812
26	22	278	26	22
996	492	398	996	50	255
646	962	858	211
196	232	978	411	653	978
36	862	36	862
296	232	296	232	75
596	272	596	272	945	944
446	672	446	447
976	752	976	384	605
636	922	636	294	195	60
656	782	831
526	692	171	692	635
156	272	51	272	108	272
976	882	501	930
236	42	711	440	440	905
266	902	971	464	345
676	922	641	444	355	190
666	852	131	134	898	930
476	942	181	978	123	25
256	749	930	952	401	397
946	710	12
376	80	792	777
796	570	692	728
266	800	482	978	800	359
106	50	182	698	50	698
986	200	82	986	543	145
256	390	212	781
616	410	22	191	410	229
906	730	2	381	730	688
186	120	122	721	517	120
906	350	779	12	825
806	240	359	852	201	240
426	520	879	520	485	671
366	330	330
636	470	470	639
36	810	810	389	810	389
196	200	200	819	200	808
46	330	330	915
966	820	820	595	414	820
446	50	50	368
366	230	230	366	230	230
66	860	860	401	787	860
266	480	984	925	480
366	220	454	165	220	368
806	960	214	806	960
916	260	214	141
36	550	685
646	990	405	682	571	990
496	930	795	109
246	830	905	989	830	830
806	650	955	829	650	328
816	380	745	714	493	598
946	200	205	205	542
936	850	75	75	850	991
196	120	865	865	324	921
836	320	335	836	432
56	100	25	56	100
776	620	615	776	620	999
436	90	495	436	673
436	460	395	436	193	668
596	680	885	971
206	440	508
56	180	358	272
546	410	748	322	514
986	850	988	850
716	160	88	160	117
296	310	688	310	365	310
736	590	58	394	590	736
296	910	998	104	305
456	790	718	884	5	790
806	230	58	934	933
946	50	118	573
566	400	508	713	425
936	170	928	133	133	955
886	880	8	903	903	611
136	530	808	493	136	702
976	540	678	678	532
976	270	778	778	362	25
476	790	68	411
326	920	218	761	302
196	390	196	196
456	780	456	631	780	631
516	810	516	861	964
626	50	191
986	40	491	952
826	850	371	952	850
446	330	481	867
906	280	851	204	280	628
746	180	691	623	155
136	400	311	873	136	400
466	280	731	731
226	620	1	1	620	620
146	460	971	971	460	98
426	707	112
696	777	522	219
936	457	432	769	900
406	357	672	949	580	949
376	697	232	879	20	638
66	77	572	77
166	177	802	177	824
76	147	462	147	274	265
696	827	332	525
256	807	782	105	105	782
806	827	112	435	806	112
206	747	652	775	771
736	797	82	858	359
226	587	522	398	320
346	387	522	398	990	398
196	387	972	98	65
226	317	382	211
926	557	662	641	662	115
956	697	520
686	877	860	642
776	477	10	82	338
876	237	590	722	688	149
956	847	190	492	558	956
646	577	770	892	21
946	657	490	122	551	657
86	917	400	969
486	97	520	199	520	178
816	257	350	350
976	77	870	870	805
956	227	260	260	488
706	457	170	170	751
276	447	280	685	719
616	187	530	758
986	657	940	511	657
696	527	974
986	327	704	219	440
546	617	364	140	639
356	477	784	720	828
156	917	434	230	156
426	927	344	320	426	491
586	67	544	67
406	57	74	385
666	357	834	185	600
86	387	374	815	580	108
156	977	374	718	940
756	557	804	298	298
206	337	44	718	141
616	377	174	616	377
186	727	174	186	265
346	667	764	161	202
186	57	953
56	967	673	422	939
296	557	983	682	731
976	277	963	249
296	147	663	679	610
656	497	883	449	70	68
896	867	243	860
656	557	803	250	968
306	127	793	127	920	761
376	867	63	495	540
486	367	233	233
466	397	783	783	249
466	887	873	873	634
216	607	53	53	218
616	497	333	333	931
486	447	373	598
336	647	173	178	762	415
696	487	3	768	500
146	147	913	8	560	529
276	197	923	348	570	348
56	657	493	908	795
276	187	123	778	631
56	197	893	838	381	56
816	7	983	301
276	87	673	471	360
586	287	833	391	391
476	647	278	282	719	647
546	277	168	850	859
636	807	188	520	520
606	737	28	250	765	949
416	437	818	654	55	300
616	597	38	854	631	270
996	984	629	629	750	378
526	834	529	10
826	984	9	730	9
686	784	259	510	458
986	674	899	920	986
436	794	899	877	350
726	134	59	134
646	684	969	631	997
336	244	40
896	414	390	915	915	2
716	824	900	678
156	574	10	998	998	942
406	434	100	406	441	442
416	814	355
186	584	25	492
336	554	55	379
596	374	215	959	450	718
246	194	325	869	233	325
46	574	735	270
346	464	505	87
6	34	615	615	320	615
366	714	345	345	180	158
426	54	175	175	690	721
596	674	515	91	0	238
906	694	333	585
676	484	68
636	224	228	49	32	228
46	374	468	720
196	114	198	420	495
86	24	238	550	735	550
306	194	288	190	306	306
676	444	738	444	192	455
366	454	298	454	527
836	874	218	874	836
96	854	448	448	502	97
246	274	48	48	360	360
916	634	916
586	64	586	290
376	834	376	867
736	864	736	864
96	194	96	96
806	764	806	806	993	993
6	504	6	11
936	194	936	301	620	78
666	764	111
956	264	11	582	243
386	934	221	42	168
346	414	821	510
456	544	251	27
466	874	971	967	20
36	824	981	824	893
856	244	491	491	700	700
136	194	51	51	500	25
286	274	121	121	850	268
866	125	802	64	341	397
966	545	772	718	940
766	315	172	968	460	968
426	915	372	426	81	40
896	745	542	731	77
776	165	42	811	767	450
376	475	20	622	739
526	835	840	312	191	857
496	485	150	39
416	65	450	450
906	985	730	730	368
276	885	390	390	276	667
776	165	580	580	776	861
686	715	204	529	190
686	625	744	798	841
936	455	44	481	560
136	255	934	31	307	280
716	985	503	9
746	65	243	243	159
356	885	363	363	356	490
276	365	233	233	271
626	245	623	248	490
556	135	463	898	210	898
416	55	163	738	311
186	195	583	571
916	673	712	248
6	143	542	448	930	448
226	403	799
616	163	239	202
196	393	59	59	920	59
536	403	259	259	410	565
216	3	799	744	3
826	623	840
916	963	387
566	783	497	783
686	123	954	68	620	620
366	33	45
126	573	205	502	205	101
466	363	445	582	638
336	453	195	312	871	312
556	603	155	339
796	303	45	810	848	664
986	723	225	225	630	231
556	323	215	556
916	823	823	115
596	223	223	705	860	588
56	483	483	148	559
586	243	243	751
296	103	103	591	700	618
696	433	433	911	657
486	343	343	941	957	240
796	573	488	912
136	933	38	219	122
586	563	138	109	380	586
956	213	758	909	944	909
536	13	248	209	13	248
146	473	498	470
806	573	718	170	170
186	853	558	674
506	773	968	154	261	260
326	3	538	425
206	43	608	105	640	608
626	353	138	353	626	780
866	523	578	578	32
386	443	758	758	443	242
546	543	638	181
6	583	518	171	430	109
416	353	518	471	120	518
56	263	148	541	574	90
106	143	106	827
496	33	496	367	570	699
666	113	666	113
456	503	456	456
916	953	211
586	693	911	634	180
846	633	51	435	494	212
126	723	551	126
196	883	631	631	130	899
506	533	341	341	980	638
46	168	144
186	841	622	29	29	622
26	941	292	449	780
856	51	322	249	744	322
96	881	212	394	212
166	691	302	404	369
526	51	722	814	775
446	791	322	824	883
736	861	482	634	668
846	181	902	684	181	527
226	291	72	495	229
246	271	612	525	990
16	511	592	5	5	603
96	461	52	998
456	511	782	848	960
96	961	312	408	700	700
846	21	702	728	910	728
106	161	782	188	835
96	361	912	728	361
756	291	462	756	850	756
706	181	832	706	427
666	31	362	666	914	666
796	961	192	961	340
916	151	512	151	200	829
946	241	432	241	410	938
26	931	642	931	653	938
636	501	980	792	219
356	471	750	262	455
616	831	760	760	209
636	861	740	740	75
776	951	420	420	178
396	181	340	504	149
406	341	280	144	435
16	291	870	715
466	291	220	725	222	498
906	381	390	755	59
156	391	20	135	813
316	61	850	505	61
756	501	50	568	50
656	741	490	358	490	983
926	671	710	368	914
756	681	460	28	364	535
536	831	250	808	375
956	141	830	808	905	22
126	871	330	78	73
926	131	720	28	131
826	831	700	831
226	971	864	779
526	941	804	675	160
706	521	374	375	521
736	891	414	833	855
656	311	754	938
36	471	844	158	158	142
976	871	824	871	940
936	281	394	281	857
306	561	423	62
226	201	223	552	201
956	521	973	909
376	131	13	585	809
206	411	793	255	390
486	641	823	365	120	989
836	461	503	95	130	95
246	551	303	895	960	728
846	681	33	33	239
536	181	313	313	655
186	461	523	523	155	559
586	531	213	213	531
926	681	273	548	810
816	551	593	938	930	938
206	471	233	206	457
126	761	183	126	126
86	31	573	31
186	411	758	682
246	501	688	512	949
706	531	748	212	639	290
36	361	348	352	420
346	881	358	642	694	895
486	801	28	952	4	801
816	931	548	372	965	49
36	951	938	322	36	36
566	471	928	372	471	372
716	11	518	42	11	797
986	191	38	362	191	784
176	441	218	130
706	311	298	260	260
306	251	758	430	430	515
956	321	8	460	460	321
656	41	48	110	405	41
446	51	948	550	446	446
836	291	498	210	291
786	851	708	684	822
26	711	538	624	322	970
86	551	318	54	779
176	61	248	854	829	740
396	751	68	154	135	469
586	71	178	684	71
946	511	958	373	119	600
626	821	588	353	365	210
516	761	958	253	253	761
776	861	538	203	861	677
31	752	752
51	972	972	48
901	22	939
401	112	679	930
221	852	550
891	12	40	235
51	872	50	805	574	872
141	772	847	772
941	122	607	540	540	115
391	82	517	164	605
991	692	477	168
901	662	124
801	662	744	662	477	662
711	92	434	547	603	92
501	972	404	545
351	972	784	475	351
131	562	854	48	705
691	132	834	626	690
121	642	634	121
741	822	305
321	22	545	22
941	242	315	242	315
31	532	215	609	532	215
171	512	445	730
871	562	535	967
251	202	885	307	202
701	722	135	844	722
451	672	295	474	900	8
781	2	135	444	476	781
461	702	605	605	850	779
511	132	975	975	910	798
361	822	635	635	434	635
781	272	475	603	272
281	2	765	281	584
411	492	925	411	408	492
51	962	503
1	632	993	1	632	304
961	192	318
241	992	608	992
731	602	318	602	335	909
771	882	758	882	771	882
621	392	288	30
11	752	818	670	752
711	612	998	824
301	372	608	384	470
471	492	758	574	785
561	892	258	44	156	757
711	822	368	815
951	782	928	693
891	992	528	963	891
831	162	258	258
111	402	218	218	402	286
971	332	148	148	580	79
81	332	548	548	190	548
691	62	638	638	404
71	712	108	108	904	950
461	892	868	976
511	992	408	326	740
121	402	718	836	884
931	292	508	856	254	292
931	222	828	931
431	172	308	431	172	915
781	732	68	781	732	68
541	492	938	541	520	235
211	442	788	211	788	533
551	112	466	907
811	892	176	857	14	290
481	902	516	516
431	572	836	836	572	317
921	12	916	916	380
101	842	256	256	70	558
711	62	356	356	450	711
901	382	26	26	674	290
851	12	646	646	443	443
151	12	916	151	320
391	422	786	391	780	309
251	152	596	251	460	525
241	62	706	241	470	828
921	182	921
241	552	241	660
71	362	71	690	628
861	982	861	237
651	442	651	654	390
571	312	571	571	312
581	262	581	581	740	348
201	852	201	201	753	753
741	870	52
741	490	532	259
21	940	482	940	238
181	30	502	14	786	137
741	60	942	595
501	510	392	348
781	270	552	798	270	798
171	750	372	698	171
451	630	132	436	630
411	450	432	406	450	548
981	100	952	981
261	220	642	261	220	29
771	780	772	771	537	780
791	440	289
31	80	949	949	80	108
941	540	540
731	540	540	855
201	440	440	485	440	201
791	360	360	105	276
661	150	150	378
251	660	660	508	660	508
451	820	820	936	451
531	610	610	531
401	880	880	401	162	895
491	880	880	491	880	788
251	40	40	251	347
371	380	380	371	827	380
241	850	594	695	749
91	800	34	103	34	519
581	370	765
371	780	205	652	644
651	770	805	222	805	651
281	640	635	899
541	110	645	709	110	78
481	70	85	369	63	85
711	560	665	560	665	711
661	740	505	740	661
191	730	465	564	483
511	520	155	155	520
201	100	955	955	100	208
301	330	815	815	44	526
921	550	915	603	915
731	980	845	523	828
31	20	535	216	20
391	440	115	496	473	115
291	730	755	896	983	488
931	880	305	931
751	270	265	751	270	259
471	160	195	471	160	868
361	280	135	361	627
651	720	138	732
241	840	178	362	26
851	640	788	640	629	313
351	410	8	410	351	410
401	440	608	25
391	820	828	595	452
211	140	648	945	482	648
181	10	28	735	10
711	680	548	548	602	548
511	770	898	898	770	511
201	860	948	948	713	445
791	450	18	18	133	18
351	880	568	256	880
361	450	18	361	644	802
361	940	78	361	763	235
21	840	446	21
91	30	126	91	692
381	250	806	381	182	478
201	500	866	201	500
771	910	916	771	910	29
451	950	716	451	950	950
111	230	746	111	230	578
941	30	936	941	30	936
781	960	546	781	984	546
91	100	26	91	483	295
381	670	56	381	503	538
971	20	971	982	128	189
411	80	411	80
11	0	11	407
321	380	321	957	380	708
671	380	671	28	222
571	930	571	58	972	9
591	360	591	591	360	858
711	257	502
171	177	192	625
681	967	852	105	852
491	517	612	945	612	945
531	967	232	405	480
461	277	772	28
71	697	252	71
191	27	592	191	435
611	337	922	611	696
11	387	920
121	397	80	952	397
71	907	970	812	71
101	57	180	180
281	827	830	830	358
621	517	50	50	621
221	777	710	834	475	710
161	387	650	454	498
751	987	950	654	598	825
261	487	560	284	368	776
131	747	240	264	56	131
531	987	380	695
701	727	240	205	832	258
41	467	760	298	760
521	297	220	408	220	16
121	617	740	386	740
971	507	960	856	960	856
351	647	680	696	574	696
211	857	350	211	352
411	147	650	411	634	505
541	747	114	152	796	114
271	377	144	645
201	917	904	925	260
191	467	84	903
121	407	724	848
871	907	344	378	529
151	767	634	598	726	151
301	787	44	938	301
611	607	414	706
831	357	204	236	115
831	687	513
361	597	113	465
621	807	293	825	810
51	297	763	763
461	957	353	353	614	969
491	547	553	368	530
671	917	543	498	784	242
451	7	783	938	335
121	337	213	798	213
811	297	83	218	83	305
341	237	563	378	341
761	977	363	306	250
201	767	168	132	754	165
61	907	828	362	926	907
951	87	148	782	216	951
421	517	678	20	282	869
761	147	338	140	972	761
591	7	998	530	530
841	817	778	890	65	890
151	57	188	960	166	57
531	47	218	963
111	447	168	123	702	111
421	407	628	493	560
981	297	168	823	495	580
681	344	322	943
831	504	422	408
861	824	872	158	872
91	844	679
11	934	29	740
231	404	779	510	779
61	254	240
861	274	220	419
201	314	120	545
611	144	980	938
501	244	870	138	870	129
501	224	550	508	550	508
951	114	725
541	694	455	69
921	884	225	509	210	418
591	824	425	910
101	84	585	370	182
71	404	285	660	512	285
981	224	415	150	729
101	744	915	490	744	719
641	24	895	895	630	99
541	244	125	125	450	578
981	544	865	865	480	981
281	404	905	603	666	612
901	484	995	901
831	824	985	831	352
461	254	545	461	710	769
151	204	645	151	370	228
221	344	475	221	344	100
901	84	568	92	879	740
631	964	448	350
771	204	538	890	449
131	854	818	670	818
211	894	208	208
51	44	158	158	120	51
491	314	406	122	315	240
561	934	376	822	448
21	934	21
621	744	621	752	425	303
131	44	131	662	508
441	844	441	220
651	404	651	710	578
851	64	851	737	200
711	484	711	307	630	618
601	954	601	954
571	704	571	704	592	175
501	504	501	504	390	865
791	834	791	248	330
121	124	121	121	260	78
651	614	651	651	614	640
1	423	962
941	913	602	39
161	403	852	69	660	768
611	163	2	986	611
191	663	712	191
841	873	722	841	873	722
111	803	29
851	653	989	989	330	548
921	733	129	420
151	33	540
651	583	290	619
671	863	300	671	863	300
471	803	247	270	288
511	623	457	623
41	243	894
961	333	274	596	260
861	313	164	861
41	83	595
891	913	985	322	985	891
331	983	5	640
431	393	165	870	469
891	803	935	280	548
641	443	225	314	416	647
921	453	55	44	921	770
971	93	235	235	150	938
521	733	135	746	733	18
331	713	713
101	803	803	215
541	153	153	768	244	560
541	653	653	398	653	653
421	463	463	176	507
461	493	493	461
401	23	23	401	380	708
601	423	423	601	107
921	603	358
791	23	778	582
241	803	688	82	417
71	473	808	832	15
381	413	788	640
501	263	888	930	809
131	513	298	970	298	513
361	383	488	914	914
911	263	228	285
141	823	998	823
981	743	228	743	184	789
451	413	758	413	636	310
91	33	398	398	524	659
211	623	598	576	380
831	173	838	296	173
231	363	108	231
171	933	838	171	592
211	923	36	177
351	763	226	587	800	918
761	483	206	206
451	723	706	706	650	128
351	383	596	351
621	883	776	621	883	115
651	63	651
471	83	471	252	918	252
11	883	11	440
101	383	101	880	28
811	173	811	167	680	978
571	823	571	823
281	143	281	143	988	252
721	383	721	721	600	588
761	518	32
421	338	142	469	550
111	608	22	109	590	608
191	188	662	317
201	638	842	54	895
221	468	862	744	221
551	908	482	945	551
911	958	302	366	107
351	888	352	626	626
661	398	400	992	869
781	158	560	362	781
321	658	840	840
511	68	200	200	309
641	708	240	240	755
941	588	390	215	319
821	338	620	456	456
881	628	710	686	881
111	488	30	111
321	438	894
81	358	774	22	769
281	998	874	460	479
261	88	154	950	485	950
791	368	664	880	5	356
921	678	224	140	678
171	728	844	175
971	248	534	345	790
651	88	834	893
561	898	244	643	709	770
911	8	84	373	8
511	8	554	143	446	840
31	158	144	796	31
291	688	324	291	750
281	208	474	281	563	325
951	848	904	951	373	848
271	668	873	872	271
411	478	653	409
901	158	83	129	230
981	618	343	345
191	128	593	925	572
241	508	773	185	690
711	438	883	455	100	438
81	718	753	753	81
211	108	233	211
861	588	683	861	827
631	466	112	578
431	546	950	178	950
481	616	920	481	616	920
1	156	924	412
241	106	384	405	870
631	476	631
