312	259	312	259
412	409	412	581
932	119	932	301	644
72	989	989
992	419	419	992
292	629	629	0	629
152	809	809	900	105	809
252	39	39	350	308
802	889	160
682	319	80	682	319
452	129	400	425	684	452
942	69	620	941
792	429	847	160	298	160
432	249	644	432	41	500
552	489	564	73	45
22	639	414	991
752	729	495	752	631	610
332	949	873
412	989	853	565	554	565
342	459	313	598	350
772	739	803	608	70	608
232	829	903	218	315
522	579	198	260	522	579
212	209	528	303	64	961
882	800	95	800	882	95
302	510	33	605
202	970	278
122	670	678	122	991	670
902	780	238	304	780
572	190	648	184	190	589
592	870	18	763
362	900	538	343	156	900
352	300	126
292	727	292
662	597	430	662	639
522	667	974	575	89
222	397	624	395	291
442	527	113
672	127	593	748	456	620
612	47	36	612	75
982	484	219
212	924	789	212	995	721
742	354	239	980
232	224	929	960	628
512	974	405	733	974
272	384	585	631
352	194	913	25
862	844	178
972	864	178	972	905
592	434	48	230
512	674	688	180	688
892	184	168	184	236	977
452	104	528	621
942	414	361
92	194	271	194	103	415
682	55	682
352	895	352	895
362	365	362	365	362
12	655	12	655	12	16
742	645	742	645	379	742
522	365	9
342	635	839	342
612	955	579	358	33	955
492	605	800	492	748
592	25	770	592	331	67
222	465	470	465	179
952	775	780	775	416	721
692	325	880	325	621
2	5	640	596
122	115	70	756	14	756
942	375	604
932	115	294	813	115
282	165	14	326
912	595	784	426	50
962	455	455
32	625	625	32
212	95	95	212	381
482	325	325	290	161
752	195	195	574	801	360
132	535	535	283	535	132
982	375	223	982
342	425	403	669	500
892	605	353	939	353	606
962	635	593	994	635	240
992	275	713	94	275	541
592	405	113	405
822	395	313	268	221	347
932	75	313	241	804	932
322	295	793	261	261	322
232	725	133	91	91	133
812	295	566	812
662	945	956	662	818
192	495	446	192	951	910
172	55	81
512	885	291	512
542	5	451	60
202	855	251	730	206
562	275	941	377	530	168
692	785	501	734
362	535	371	884	362	450
222	605	511	824	222	368
802	815	401	748	802
222	675	341	248	230
672	525	211	388	234	525
402	773	728	4	246	641
272	273	28	661	272
402	98	402
502	508	502	409
202	68	202	579	983
692	648	692	684	955
692	368	692	368
152	508	152	508	152
52	298	52	298	52	383
802	298	802	271	694
372	748	389	510	15	21
942	208	69	614	916	7
612	998	849	743	998
2	818	339	818	174
42	238	380
372	408	510	372
992	228	60	992	79
22	148	570	22	148
212	998	550	779
962	278	30	114	111	403
922	978	340	375	922
482	68	770	75	482	770
52	278	610	45	279
352	268	990	145	561
192	298	590	831	590
502	78	87	502	78
212	838	747	212	321
412	8	844	412
262	318	994	689
242	948	604	143	886	180
712	178	514	73	386	73
892	908	754	363	51
562	8	684	986	580
792	698	104	746	820	725
252	298	994	46	821
552	388	994	506	181	552
72	938	774	711	100
222	298	825
302	898	255	302
462	448	845	760	760
82	28	935	154
652	908	303	652	908
332	988	693	332	726	581
612	118	413	224	189
762	598	3	874	625	951
752	148	653	653	605
462	848	833	986	240
72	468	468	72	587
422	868	868	422	75	421
942	258	258	942	66
592	608	608	160	592	608
562	278	278	640	655	281
502	448	448	740	796	481
192	858	858	924	489	70
582	328	328	404	120
192	958	958	784	516
272	758	758	254	26	547
442	178	696	780
22	968	586	830	565	803
982	78	156	140	156
12	848	556	617	284	5
362	218	786	4	655	600
482	468	146	504	435	93
612	378	606	64	606
652	618	666	393	225
222	408	496	723	645	723
92	518	901
672	348	311	672	348
342	438	711	577	342
252	478	431	914	252	219
502	758	851	804	336	851
222	166	222	885	222
492	586	492	478	883	845
132	536	620
392	186	147
692	426	457	580	435
352	566	287	290	566
332	246	927	320	131
512	956	377	564	345	90
82	776	357	773	408	380
582	736	234	109	900
242	616	904	951	904	242
452	156	245	833	38	111
132	266	793	915	224	132
552	596	803	668
242	126	126
322	486	486	322	94
742	326	326	742	58	821
842	606	606	842	581	790
712	976	976	500
222	536	536	700	385	731
552	986	986	510	778	801
812	866	866	910	866	866
842	266	266	550	571
252	786	786	590	361	786
742	516	516	834
662	506	506	4	506
502	556	556	454	556	50
442	306	306	294	306	557
182	546	546	34	546	901
472	186	186	133	438	721
142	766	491
432	86	801	432
562	536	481	562	448	330
942	206	281	942	138	281
872	206	751	410	410	438
262	336	831	800	348
772	516	761	40	968	775
52	266	571	434	505	571
932	266	941	314	738
572	836	1	794	1	530
42	816	871	683	898
322	226	611	778	950	778
642	191	660
2	311	760	186
442	261	767	442	878
362	371	507	623	378	371
912	971	714	186
842	531	813	35	240
182	101	373	755	540	668
922	301	783	175	744	922
562	771	998	654	562
452	371	371	452
532	531	531	532	884	725
412	701	701	412	898
362	431	431	370	105	579
192	891	891	430	715	891
582	631	631	880	518
222	901	901	990	578	145
902	711	711	880	916	711
262	611	611	4	819
852	91	91	254	348	340
732	181	181	463	238	905
359	272	359
449	962	449	962
729	552	729	729	420	298
769	122	769	300
869	62	869	603
129	822	920
729	292	440	688
559	412	567
529	632	227	853	853	945
9	142	664	225
369	482	514	888	482
649	222	954	778	954
339	872	804	876
559	442	45
499	312	705	312	714	499
829	832	795	829
949	852	975	949	852
269	502	65	269	410	568
19	672	635	204	883
899	812	395	395	740	958
59	662	825	571	662
359	32	785	801	513	785
909	222	583
709	482	943	164	805	730
579	562	258
599	682	878	682	321
929	822	498	900
779	402	338	630	338
399	622	928	774
79	422	838	225
49	612	888	795	560	49
209	742	198	725	520	198
889	442	988	303	303
399	232	908	908
919	932	78	496	271
519	482	618	251
369	952	258	471	640	258
819	492	928	231	543	836
19	22	558	501	558	280
729	872	8	281	836
759	432	256
859	612	216	237
829	922	326	917	200	829
879	52	386	557	470	470
779	272	246	277	620	808
849	632	526	654
69	932	676	375	771
779	942	576	576	894	20
669	672	451	672
629	852	921	20
649	952	821	700	618
559	142	31	224	753	105
939	440	172	939
679	30	782	679	30	105
899	70	642	899	70	608
209	400	2	54	78
929	470	682	285
649	660	952	445	660	398
919	910	132	648
639	710	342	648	584	710
829	660	152	28	771	137
569	290	602	86	357
229	160	962	681	437
569	860	569	63
339	140	140
439	10	10	439
779	100	100	118
439	710	157	882	534	858
509	10	267	853	878	845
529	160	797	623	148	486
9	290	197	973	58	321
229	890	944	755	213	986
729	340	154	136	251
539	680	805
909	780	915	392	148	593
9	120	525	702	371
199	620	475	199	992
349	400	495	400
749	540	45	214	540	898
349	800	925	925	800	731
899	390	885	783	121	390
579	470	955	856	470
259	490	65	346	490	65
539	190	405	91
729	170	525	581	170	778
89	150	535	931	444	535
319	910	833	461	332
719	230	468	62	407
409	220	508	412	681
389	290	68	662	191	290
349	40	848	40
319	40	648	234	319	40
869	570	578	435
939	510	756	722	415	939
199	470	356	470	470	199
269	960	296	960	268	531
729	450	596	994
669	680	86	574	448	680
389	0	826	774	826	531
439	120	206	206
229	750	76	76	752
199	110	471	142	374	335
179	600	991	922	498
379	480	821	480	315	821
799	70	421	70	928
709	330	621	330	576	621
69	850	721	124	875
689	747	952
539	827	262	14
569	867	632	625
959	57	742	108	205	742
909	217	230	38	514
659	747	643	125	814
179	487	913	913	915
799	87	353	581	714
929	854	662	270	755	270
209	204	292	565
769	34	769
329	184	329	329	40	648
629	824	629	824	780
379	14	379	14	95	480
849	694	849	175	362
839	534	839	215	31
19	664	19	976	681
229	124	440
859	714	430	565	430
609	204	630	998
849	34	360	16	34	16
429	654	70	751
479	774	50	791	50	118
699	544	544	553	699	553
779	224	615
549	304	845	822	268
9	184	315	9	570	368
89	34	915	80
669	304	985	830	108
229	764	225	470	748	783
149	844	65	65	450	728
409	24	615	601
849	44	633	849	730
9	694	893	376	70
529	894	633	411	482
79	874	158	79
919	884	388	930
999	924	308	931
889	604	518	851	10	625
869	994	496
259	84	446	27
719	314	946	737	70	719
19	604	86	367	680	768
869	14	986	935	612
119	104	886	886
789	134	806	351	52	789
119	594	161
39	94	701	242
109	44	211	970
449	74	941	110	408
369	784	391	917	450	588
29	554	701	83	245	980
749	394	121	121	103
629	723	802	481
799	173	912	431	510	799
49	113	112	61	340	908
609	983	609
759	173	759	759
389	813	389	389	420	389
889	653	889	889	980	18
819	183	819	819	714	620
359	773	359	773
189	533	430
219	663	190	258
809	243	320	736
9	113	410	706	75	931
89	533	380	456	621
919	283	934	765	402
889	423	384	511
619	153	894	801	350	619
679	353	585
69	313	85	222	211	80
769	893	495	260
849	523	535	570	570
79	793	445	445	972
599	533	695	695	533	171
689	743	385	743	828
939	993	725	356	654	660
519	693	175	111
359	953	953	359	942	359
369	73	73	115
859	933	933	298
139	243	243	678	390	139
619	353	398
379	133	958	832	379
459	943	328	812	459	943
619	753	778	850	850
549	723	918	804	22
819	183	958	365
359	163	788	806	442	359
289	13	238	466	790	238
949	923	548	591	380	548
499	873	968	661	866
29	3	396
9	593	696	512
69	493	546	192	69	847
509	693	36	440
999	573	286	960	118
899	433	906	564	906
849	193	596	596
709	593	336	336	660	318
929	483	681
999	323	111	552	538	999
69	383	161	172	161	470
179	743	301	900
569	53	601	540	569
229	833	261	260	148
549	93	891	274	116	177
759	43	831	831	100	759
449	463	491	491	990	968
469	448	32	674	995
199	368	762	414	345	570
339	668	232	415	461
839	478	422	311
719	688	212	481	670
369	278	520	162	369
49	48	530	452	48
389	568	770	770
309	658	910	136	136
9	768	30	276	481
269	938	664	782	736
699	778	744	360	699
879	638	214	110	638
149	538	64	430	926	261
899	448	654	365	365
829	378	493	34	831
109	818	123	995	72
869	968	353	565	0
79	758	533	105	360	758
789	738	843	796	796
280	922	595
660	402	748
80	252	908	80	149
550	882	398	45
670	472	168	285	670	168
350	112	268	731	857
760	992	336	760
150	32	186	150	138
680	172	256	694	680	928
130	642	516	281
590	662	826	851	590	868
80	112	621
690	502	511	690	545
510	232	591	510	688
570	212	91	716
320	259	259	320	48
980	809	809	814	286	927
270	319	319	473
460	319	460	682
640	549	847
980	639	684	461
20	99	214	881	823	868
510	510	498
140	140	538	284	140
320	834	259	320	745	111
580	514	559	580	288
190	34	671	217	190	258
960	75	942	960	75	942
530	945	232	51	530
600	435	779
980	355	319	980	2	818
540	15	269	540	269
340	975	899	340	578
590	55	439	590	98	590
850	305	429	564	171	850
790	695	9	693	908	790
980	955	609	353	76	76
730	225	67	102	21
690	315	315	690	292	879
580	215	268	423	423	121
520	885	546
40	785	896	132	785	629
20	125	16	632	791	20
510	985	766	510
110	145	956	110	502	271
20	535	976	20	681	20
90	655	366	881	912	618
540	635	781	212	319
660	555	601	660	608
50	625	661	824	572
960	305	921	614	808	960
610	725	781	913	725	610
300	285	471	658	300	300
450	163	152	135
630	163	695
250	153	416	372	921	250
550	693	696	934	429	550
530	133	256	24	385
690	8	322
950	968	532	49	950
910	608	332	516	910
380	288	782	626	380	599
710	58	962	506	710	58
410	178	899
350	578	350
660	438	884	692
590	278	65	590
980	88	483	639	980
790	58	153	659	790	659
920	48	303	156
80	508	923	466	80
320	578	578
280	988	988	932	415	29
670	628	628	732	195	271
940	658	658	722	731	722
160	918	918	684	171	160
320	998	998	833	998
190	838	166
680	108	81	127
490	548	131	397	490	225
260	496	260	858	260
750	166	207	384	905
180	416	965	180
130	596	596
680	126	126	680	549
350	6	6	703	214	655
560	916	751	192	429	723
470	196	181	732	181	470
30	166	611	30	328
60	356	731	858	60
260	826	641	998	24	85
220	131	442
270	811	547	402	945	270
200	661	527	200	225	200
840	751	407	840	578
780	491	157	184	659
820	621	887	444	549	820
730	491	457	384	805	730
830	211	687	795	73	6
390	561	77	623	736
750	671	85	682
167	72	939
857	22	439	439	280	965
847	542	559	559	804	240
17	702	709	709	253
617	22	989	580
97	982	900	421
567	592	567
57	72	224	285
357	172	134	125	740
207	432	484	178
587	702	664	258	239	253
657	982	124	228	640
647	472	524	858	30	819
847	462	324	978	400	705
977	652	375
717	2	845	269
527	62	875	209	940	209
677	22	175	379	910	268
857	602	5	5	602
927	292	515	896	292
577	322	45	156	770
37	602	545	311
257	732	273
437	242	963	468	794
117	752	88	752	206	206
577	332	8	619
37	892	918	469	420	505
527	22	848	249	610	848
637	412	858	520
477	862	228	274	976	477
137	242	618	915
567	842	668	668
637	292	518	16	637
727	472	168	801
297	412	488	611	374	395
237	162	676	162	575
727	92	66	727
837	552	726	837	220	468
217	602	296	296	602	358
67	462	696	221	462
27	272	436	511	320
697	962	806	751	430	95
227	482	716	321	430	478
537	752	371
647	622	51	260
137	742	791	30	728
647	502	991	647
417	932	221	417	894
347	572	211	858	570	749
747	92	721	721
857	2	511	511	370	999
387	482	281	281	90	888
857	370	402	99
537	820	642	489	820	489
317	580	242	869	580	738
827	160	702	878
457	110	852	558	110	558
877	440	12	468	386	440
757	880	632	888	806	571
237	410	812	708	51
147	580	732	848	601	147
437	380	322	798	91	646
747	220	52	601
777	800	582	671	800	748
57	260	72	231	57
757	850	49	850	368
537	100	100	299
507	370	370	189	370	838
147	270	270	188
597	580	574
417	870	74	74
227	890	214	958
117	120	765
537	0	875	252	609
267	500	835	609
977	970	295	295	252
937	240	555	555	194	555
717	180	485	711
937	530	945	961	530	8
427	600	768
377	230	548	869
867	750	68	619	750	68
647	320	688	320
127	460	618	460	912	581
267	710	968	710	564	515
957	920	308	920	993	995
547	30	358	30	961	553
337	60	458	864	933	71
857	40	918	625
397	410	278	545	410
637	10	608	45	854	292
187	570	358	943
437	620	248	953	914	939
527	520	468	213	954	645
747	270	378	253	425
157	800	88	96
187	860	788	686	860
217	320	698	86	320	769
927	710	248	146	84	248
857	70	856	941
637	940	741
887	880	741	880	68	603
727	610	81	81	610	538
897	264	992
117	184	742	845	141
97	824	962	821	730
517	484	239	239	160	745
237	164	829	100
467	464	259	910	259
167	974	669	810	848
467	624	660
957	284	60	939	60	598
377	134	480	538	83	995
217	964	170	238	373	556
967	554	215
217	844	45	399
217	174	585	259	40	258
97	854	195	443	854	539
427	304	665	681
787	834	65	61	130	258
827	44	898	930
787	694	98	660	469
337	934	338	390	338
447	674	648	333
157	644	208	886	910
367	544	656
87	644	946	87
177	564	886	445
137	254	116	116
377	974	646	646	630	908
397	404	886	721
597	924	936	591	924	820
447	694	166	351	373	95
677	664	391
637	314	161	637	30
987	564	201	987	380	108
237	374	331	331	20	568
607	853	272	268
67	663	912	938	39
407	143	172	28	346	380
167	133	982	546	121
477	303	429
27	53	659	659	450	755
37	153	409	409	210	668
637	73	990
277	513	580	318
457	103	144
137	163	24	105
177	583	974	56	180
877	583	664	346	981
7	543	894	341
907	703	335	319	552
177	43	795	349	43
307	253	295	550
177	63	735	970	756	951
687	513	125	854	800	189
197	183	615	183	448
17	613	613	919
197	883	883	69	720	69
897	703	703	559	214	920
317	503	503	819	503	503
517	73	73	425
547	753	753	26	540
257	63	63	156	257
177	923	923	421
647	453	453	511	330	768
437	213	888	412
637	413	898	779	130
257	283	808	235
107	23	898	35	660	259
707	773	78	405	140	78
877	493	188	635	970	601
677	933	558	558	644	359
667	783	828	828	783	828
347	383	68	46	610
507	33	328	766	10	328
367	343	438	56	571
567	173	26	210
357	153	486	340	9
737	23	696	654	360	828
597	673	146	491
677	853	306	121	470	958
767	973	566	241	474	680
977	103	631
937	163	651	594
617	333	111	111	240	218
64	872	853
664	879	482	795	381
24	19	19	242	681
24	719	910
724	779	350	152
664	709	420	412	420	709
294	899	950	12	601	950
904	299	440	904	896	321
434	689	900	706
284	59	284	653	601
474	59	474	551	690
204	739	503	146	370
624	817	624
114	175	582	175	730
544	345	749	132	345
924	305	539	102	305	440
124	885	59	192	498	941
954	505	879	400
124	875	869	60	60	869
74	715	509	600	715	600
744	415	779	710	415	371
484	975	809	484	141	350
614	675	969	23	23	748
384	525	389	588	384
764	515	980	268	821
94	455	87	970	168	970
964	745	964	783	745
364	315	364	221	364	526
864	205	205
654	945	945	532	201	720
334	965	965	830	428
564	35	35	450	306	306
774	205	205	60	486	91
354	145	145	880	31
314	725	423	725	660
404	665	663	806	404	665
864	685	818	243
504	915	658	203	122	379
474	605	266	772	605	780
634	95	526	950	592
494	35	326	360	360
864	255	386	190	190	828
344	205	886	310	548	131
514	225	36	60	281
64	815	346	947	923	80
624	65	316	624	349	450
314	445	446	314	446	251
84	765	266	291	822	538
384	125	251	470	125	409
904	705	531	370	705	531
574	295	531	840	68
404	615	941	950	408	615
74	625	461	74	625	220
244	885	351	433
654	395	711	853	780	589
14	645	41	443	645	550
54	275	881	513	108	881
734	723	279	242	351	620
274	593	59	274	59	580
614	833	409	614	435	270
844	333	809	844	691	550
734	193	979	193
84	213	219	213	656	213
884	273	15
204	523	665	523	665	670
224	773	641	972
24	848	782	689	940
664	858	182	271	280
204	338	740
324	218	970	865	970
764	518	764	382	195
84	388	84	319
324	158	324	259	510	866
204	48	204	189	204	865
234	378	234	586
384	398	384	116	530	329
874	918	874	946	874	665
534	598	534	671	534	296
154	48	853	615
204	368	993	995	950
4	908	3	715	450	908
504	506	642	861	504	315
204	876	23
634	256	256	290	634
844	956	956	844	461	200
514	136	471
744	51	490	168
164	241	367	450	48
894	261	956
925	732	732
215	942	509	509	50	478
805	292	539	684	528
215	732	680
935	712	524	712	849
225	972	314	972	225	11
235	252	994	479
385	692	354	385
335	712	194	3
375	212	784	546
895	912	334	686	307
245	722	245
815	452	815	452
885	102	885	679	604
595	72	595	730
315	672	315	740	726
805	852	805	393	504	349
735	542	735	121
135	492	43	66
275	932	878
815	822	408	839
405	432	108	929	123	123
725	542	828	670	586
155	992	248	744	155	920
305	302	808	808
765	632	398	398	632
115	242	648	648	242	476
165	842	206	842	548	589
145	112	626	207
955	292	986	294
585	242	16	704	3	585
5	432	336	851
185	752	131
535	372	691	372	535	691
315	712	691	70	606
435	792	311	827	760
835	42	11	127	450	868
425	692	421	754	593	425
805	382	171	108
495	192	781	48	313	495
405	882	741	741	980	258
855	950	792
85	700	302	191
695	960	982	491	960	695
5	0	722	581	77
745	760	389	389	760	88
775	970	970
775	760	760	619
15	630	630	219	630	938
125	380	380	309	376
415	220	220	848
15	720	720	966	720
625	120	120	321
325	590	714
65	720	654	366	311
355	300	355	801	772
715	180	183
515	920	513	515
995	960	848	14	995	960
475	890	526	890
945	480	436	57
585	430	136	136
875	370	446	51
335	540	156	591	540	978
495	610	21
405	450	201	450
245	340	301	340	688
515	310	91	357
895	990	861	617	990	58
155	530	331	624
545	460	991	991	460	619
475	550	901	901	550	408
165	554	132	21	132
725	164	319
595	424	679	732	595	732
805	464	209	980
645	584	539	584
975	944	829	393	588
965	124	965	470
915	894	915	193	915
765	94	765	381	357
705	764	823	991	812
45	244	76	880	244
825	834	496	825	722	496
995	544	946	946	890
875	154	291
555	624	531	930	198
735	494	291	817	250	738
985	944	771	944	249
5	464	691	793
775	474	941	503	775
715	104	411	728	853
205	414	311	311	820	108
425	223	422
905	603	29
95	53	849	849	890	708
295	733	409	490
5	203	249	130	249
925	783	709	784
345	623	289	623	556	820
365	233	244	365	801
375	923	464	138
415	283	434	496	480
875	983	875
55	283	55	412	414	239
235	433	235	712	94	258
985	163	985	112	985	20
875	183	875	499	482
635	983	635	59	983
265	213	265	420
675	763	675	580	675	580
915	253	915	430	915	491
625	823	625	540	846
675	343	675	800	241
95	363	95	974	363	95
565	273	565	565	912	791
255	573	255	231	42	255
665	783	783	665
485	673	673	316	240
125	533	533	926	130	258
515	43	438
65	983	978	162	978	509
305	313	378	612	271	360
335	603	548	864
175	153	58	254	382
985	953	498	474	0
635	473	658	484	271	120
615	593	248	421	777
285	893	526	310
145	63	316	350	592	145
605	743	646	420	869
75	553	76	710	948
455	553	956	794	455	180
325	553	411
865	283	21	342	865
205	933	221	592	221	260
175	723	721	930
875	963	501	540	629
695	723	251	350	938
765	263	501	87	870	908
195	363	721	974	363	195
375	861	117
703	802	198
243	22	218	660	569
153	222	466	200	222	975
373	992	386	520	386
133	352	856	864	856
493	912	606	671
23	42	351
513	192	41	730	192	798
43	22	121	440	465
833	992	291	227
823	652	161	667	670	789
843	39	712
393	269	269
183	889	889	774	516	727
453	479	479	146
533	869	890
73	729	220	73	255
153	219	884	86	471
483	129	483	858
683	69	683	198	350	69
453	159	756	453
373	500	275	474	275
713	480	438
743	930	216
313	467	914	822
133	77	133
723	844	844
573	814	755	921
163	804	536	804	275
643	125	822
753	865	829	474	865	560
833	675	810
753	615	630	398
453	775	684	453	775
623	595	156
293	975	626	340	701
773	985	666	114	559	770
723	335	181	723
623	623	594	139
723	723	955	986
843	843	845	201
673	673	528	389
613	613	921	344	589
563	458	842
173	338	282	989
23	678	212	925	491
133	428	882	281	370
763	348	502	161	763	348
933	288	79	72	334	295
433	28	599	500	28
83	848	720
453	388	460	802	299
853	778	500	665	699	632
353	988	834	100	115	261
3	218	344	177	3	595
283	388	664	886	283	315
143	888	605	662
293	148	215	562	171	450
783	68	855	634	16
3	868	3	464	419	630
853	668	668	904	466
123	88	631
143	408	761	670	761
323	388	531	57	474	739
613	718	321	277	613
203	116	430
783	796	154	399	750
663	946	814	180	418
923	386	923	885	400
403	356	356	690
463	826	826	340	544	695
523	286	831	530	344	935
153	516	971	600	165	971
923	811	162	811	30
513	751	137	410	358
383	331	924	582	105	331
383	341	724	383	796	400
63	521	644	521	644	636
583	781	583	166	314	166
203	331	331	832	898
373	991	991	530	128
763	201	201	763
888	452	452	169
48	402	402	76	37
988	282	69
908	662	729	662
558	822	459	822	558
68	212	539	4	212	75
118	262	79	824	824
468	912	179	574	513
418	62	249	584	736	127
28	412	19	913	465
178	592	7
478	622	317	339	622	478
578	22	734	22
48	292	884	619
938	732	74	79	610	938
888	872	634	335
878	202	254	125	320	878
518	672	464	623	464	139
838	822	394	816
208	842	864	306	260
528	922	274	586	380	69
88	2	394	736	860	88
288	842	984	796	984	765
398	142	925
598	792	375	792
198	672	735	129
618	692	615	289	692	615
18	792	425	629	270	18
488	312	775	99	924	488
718	662	245	820
608	812	625	94
968	242	125	394	379
98	912	155	204	155	970
698	472	95	95
288	422	425	971
498	892	155	561	892	155
478	932	295	891	20	478
408	322	408	170
558	272	558	374	536	27
568	512	656
188	372	826	372
468	2	346	2	975	191
28	952	936	90
118	152	366	80	755
708	322	786	250	708
548	352	866	217
8	642	336	327	870	8
268	632	756	774	23	95
408	352	516	516	120
938	502	256	21	670	938
728	692	161
388	22	771	22
808	462	551	170
528	982	471	580	219
508	732	841	420	508
538	912	531	497
778	812	931	527	570
58	12	121	647	490	529
688	882	101	37	330	688
78	222	211	954	155	460
78	552	931	114	453
158	152	871	164	123	225
508	82	831	514	831	780
358	242	921	333	333	815
478	562	861	861	562	755
528	712	321	321	230	785
358	712	621	621	370	358
518	242	651	651	424
148	82	741	741	233	295
258	190	802
238	420	292	849
188	250	392	709	709
108	820	52	779	820	108
908	200	402	908
268	30	642	268	30	268
168	810	732	776	613	25
738	240	779
318	730	119	702	445
328	650	609	222	328	650
788	270	379	762	788	275
708	130	849	322	708	901
78	390	589	142	451	390
298	800	579	579
568	320	99	99	320	495
798	870	469	469	870	798
188	500	69	500
188	230	929	230	230	929
858	470	69	824	352
958	140	959	333
338	70	70
848	880	880	819
458	610	610	49	610	49
588	290	290	879	290	835
658	920	920	779	920	658
598	640	640	505
588	70	70	316	70
648	970	970	936	471
478	30	30	411
98	740	387
258	730	707	432	984	258
688	330	87	342	886	87
928	600	897	600	422	29
798	390	757	390	942	798
468	670	767	670	522	221
108	570	257	263	570
428	180	707	883	883	759
168	280	894	775
498	580	774	565	872
628	330	124	965	216
578	190	354	346
788	450	244	991
288	690	494	131	690	288
348	830	95	659
158	300	345	769	300	158
418	240	795	240	116
258	360	415	360	281
458	80	185	944	185
388	550	245	274	36	717
648	10	75	75	10
248	190	145	145	190	431
528	230	295	295	754	295
808	710	905	151
728	520	65	961	520	529
88	530	495	941	530	530
608	10	995	761	10	608
468	80	468	442	541	80
518	330	518	330	112	179
558	280	558	280	280
548	890	548	890	915	41
388	170	388	754	956	170
648	240	648	803	803	371
58	550	906	550	172	761
588	150	626	150	249	132
588	210	496	210	210
578	220	216	220	220	449
438	490	406	490	185	339
748	160	426	160	315	160
988	660	196	660	785	131
388	140	936	140	11
138	380	606	477
938	250	186	307	593	250
628	60	166	594	379	60
108	450	496	394	55
318	190	736	234	655	242
808	190	566	34	566	411
588	870	536	993	588	231
318	290	706	631
38	500	206	651	500	38
678	560	396	821	560	396
238	110	826	521	634	238
508	680	466	661	524	466
118	860	951
378	950	901	502	74	645
888	80	361	822	805
578	360	381	962	578	879
458	60	631	272	458	60
238	170	71	170	935	170
778	980	431	980	665	431
108	10	331	10	146	331
818	400	891	767	400
68	510	701	214	562
988	810	841	124	810
848	250	491	764	250	848
458	260	301	334	785
828	20	641	184	465	12
318	50	571	84	318	50
618	30	761	953	618	761
398	110	621	313	276	276
908	70	771	908	912	719
88	200	861	88	200	200
948	220	901	948	233	901
418	410	21	21	410	319
558	550	601	601	550	558
28	117	542	506	263	465
988	867	0
698	727	170	472
978	647	580	580	475
948	957	850	34	435
468	487	880	801	633	468
488	107	104	225	250
208	927	514	515	953
918	637	773
768	554	672
8	574	732	505	481
758	974	442	921	442
868	574	209
48	134	499	499	170	5
288	354	319	319	530	288
608	314	499	360
868	474	359	990	205
768	494	519	690	925	561
88	244	699	310	88
448	254	400
448	944	720	448
718	384	155	639
418	714	95	989	760	989
278	884	785	50
308	584	715	715	520	308
198	754	635	236	20
88	534	645	666	850	88
918	874	523
558	134	673	671
18	174	903	531	750	18
438	194	506	680
348	794	166	210	585
688	644	876	830	688
708	164	106	197	164
448	994	976	976	150	448
368	494	176	501
878	884	851
608	804	841	332
358	174	101	670
768	33	622	529
168	753	382	409	970	409
48	313	842	259	850	48
908	613	272	215
488	53	782	488
938	243	602	938	380	938
968	783	652	926	651
428	263	949
988	423	119	119
58	133	949	949	774	975
918	823	609	390
258	613	319	490	475	841
128	583	259	920	583
858	123	580
678	773	400	839
558	733	820	558
248	463	227	262	345
518	553	914
498	243	724	589
908	103	154	661
338	773	165	489
298	563	615	549	10
978	873	795	519	873
698	913	25	120
858	893	893	639
838	23	23	185
108	433	433	956	622
218	993	993	216	241
998	373	373	831
998	443	443	671	910	279
288	943	943	451	930	288
208	383	526	160
678	843	476	710	309
958	393	256	80	281
508	923	536	174	710	199
988	213	906	794	560	988
428	583	606	184	15
128	13	836	836
478	33	456	456	570	478
868	773	466	131	100	868
778	803	956	141	778	452
728	293	661
408	873	441	742
388	143	391	32	175
638	523	141	132	141	330
58	73	541	700
528	273	771	300	528
288	173	211	287	400	288
318	893	811	893
818	363	641	363	818
98	643	161	161	42	105
948	563	671	671	450	265
658	723	481	481	530	658
246	272	272
466	602	869
376	612	579	579	460	835
376	752	289	360
146	862	399	507
616	722	959	987	50
716	272	819	974	716	591
936	652	859	123
806	562	789	888
456	962	160	951	160	928
746	102	657
96	642	737	737
276	12	714
456	512	944	269
586	902	564	915
86	92	314	405	381
86	822	744	698
346	182	254	911	117	80
196	242	725
496	842	135	842	334
926	862	285	739
146	232	525	269	232	525
536	882	185	669	550	669
626	302	725	239	600	118
16	502	35	349	277	644
826	462	845	700
846	182	715	74	370	846
326	52	675	326
946	252	115	946	960	294
266	162	735	266	294
776	862	945	391
906	442	495	391	214	678
476	582	415	71	303	415
126	642	983
796	972	938
126	852	218	852	852	929
666	722	428	289
96	372	38	590
626	912	678	634
926	632	628	405	632
706	932	968	963	529
106	202	908	323	265
416	442	478	193	416
376	522	668	668	522
256	342	578	256	342
746	622	158	746	710	605
426	912	618	901
596	532	768	641	183	768
726	322	726	322
836	462	836	462	375
986	202	986	202	145	834
736	42	736	797
236	512	236	274	405
786	52	786	234	615	10
956	412	681
206	692	681	692	225
786	432	741	432	998	432
976	962	311	810
656	352	871	310	310	445
356	122	151	984	605
786	802	181	34	45	500
416	262	91	114	538	740
956	482	351	348	753	875
366	259	540	242	741	457
516	190	872
396	590	32	987
116	110	212	618
196	450	812	838	450	449
746	620	242	908	620	908
76	490	352	76	463	195
556	880	982	581
876	750	362	881	750	489
856	280	972	651	280	78
126	600	322	681	267	600
986	130	449	812	195
346	550	19	362	601	550
636	770	999	770	215	981
686	280	280
506	600	600	929
616	170	170	629	170	629
866	180	180	369	180	58
586	550	550	955
826	480	480	235	794	480
556	850	850	898
576	180	180	576	180	180
926	140	140	671	57	140
766	870	874	785	870
716	160	894	185	160	538
26	700	504	26	700
956	660	674	321
276	160	975
936	400	155	152	551	400
766	220	65	759
356	0	685	149	0	0
806	810	605	9	810	588
266	150	235	434	403	168
806	80	485	485	472
216	180	585	585	180	751
276	790	365	365	774	21
986	180	415	986	552
136	240	565	136	240
36	590	965	36	590	659
996	770	785	996	213
326	660	145	326	823	448
366	220	315	351
716	930	148
646	400	808	732
926	240	758	632	214
66	330	108	330
76	710	258	710	937
646	50	488	50	995	50
346	30	528	244	30	346
846	880	868	574	305
426	60	398	54	565	60
896	220	998	844	923
396	150	198	703
366	300	148	703	245
706	940	48	693	693	605
726	830	958	943	943	791
466	550	828	473	466	42
906	300	838	838	572
416	160	358	358	222	735
546	80	848	641
646	660	348	21	992
676	60	676	676
76	580	76	941	580	941
596	490	596	631	954
166	20	711
626	960	771	432
476	490	621	802	490
96	470	491	547
966	600	31	494	600	508
426	680	761	653	55
126	680	651	663	126	680
406	820	241	241
856	260	371	371	260	260
46	570	861	861	570	878
916	777	52
346	307	992	889
346	677	242	619	340
376	577	602	129	70	129
196	97	712	859	870	48
326	477	332	477
996	537	512	537	234
406	917	652	917	174	55
146	77	492	655
316	757	772	455	455	772
16	17	402	735	16	402
776	497	262	305	611
596	77	392	818	279
206	167	492	568	510
436	587	452	258	870	258
86	387	692	608	725
136	117	132	281
776	987	602	321	602	15
716	77	360
296	847	230	802
896	427	900	792	998
766	247	770	162	938	369
206	967	230	862	548	206
966	867	310	662	281
716	197	960	922	751	197
156	317	400	899
236	627	770	879	770	658
626	687	820	820
466	87	260	260	45
216	787	700	700	58
56	537	170	170	891
766	117	520	845	739
26	577	400	558
626	537	670	441	537
316	387	154
936	347	564	669	330
546	987	204	810	479
26	527	554	210	238
906	197	354	960	906
886	147	24	50	886	831
596	897	144	897
376	217	544	325
16	427	284	55	680
216	327	244	395	340	188
586	67	684	178	800
806	907	664	768	768
126	597	244	638	121
516	847	334	516	847
446	467	604	446	215
436	77	384	321	832
396	827	133
716	617	223	82	869
556	827	283	782	711
656	437	393	559
436	617	633	869	990
286	997	513	809	420	198
96	467	743	150
386	7	653	740	828
616	467	853	467	430	431
86	937	193	675	990
856	107	833	833
796	917	263	263	519
136	347	93	93	884
416	317	403	403	28
136	967	783	783	771
36	737	813	118
506	587	113	658	672	105
786	157	273	598	680
306	467	863	618	230	589
346	467	383	548	850	548
566	967	103	848	565
736	367	963	268	461
506	297	203	208	181	506
116	677	593	31
286	147	143	461	70
86	997	453	821	821
336	627	648	702	529	627
116	787	488	270	869
276	197	8	350	350
846	717	208	670	15	219
526	317	838	574	555	560
786	257	588	914	921	510
676	574	569	569	580	468
126	594	789	230
186	894	509	320	509
116	904	649	380	518
436	204	919	610	436
676	94	959	397	660
736	494	399	494
336	844	109	751	977
576	444	530
516	774	280	655	655	772
96	584	50	668
986	264	480	48	48	442
776	64	870	776	681	552
46	394	525
396	594	475	812
416	124	125	479
626	844	125	229	950	538
406	564	135	139	63	135
686	814	415	530
576	454	195	837
716	934	835	835	410	835
366	54	165	165	50	358
766	914	895	895	0	301
796	484	765	431	200	828
506	554	193	935
836	744	918
946	914	778	359	352	778
706	564	438	710
506	434	218	770	495
606	94	238	40	905	40
446	704	438	920	446	446
306	14	818	14	302	35
756	294	378	294	907
466	774	158	774	466
866	4	878	878	212	657
626	24	898	898	290	290
826	844	826
596	134	596	460
506	524	506	627
896	524	896	524
476	574	476	476
406	634	406	406	153	153
146	34	146	131
76	894	76	221	930	928
86	924	161
546	614	731	482	943
226	644	591	432	538
476	364	811	210
636	664	661	677
96	464	381	147	30
886	544	451	544	933
296	964	491	491	680	680
616	824	421	421	810	125
756	84	631	631	990	48
466	135	882	284	661	237
106	75	562	128	80
466	455	462	618	960	618
186	285	72	186	191	330
326	215	172	291	777
16	645	92	61	387	170
836	815	270	642	839
366	115	740	982	181	587
96	665	600	539
256	755	460	460
896	885	290	290	528
566	475	930	930	566	787
496	815	20	20	496	351
516	465	984	39	820
446	425	724	268	621
956	675	684	131	130
536	675	754	371	87	920
646	125	733	679
776	685	753	753	469
576	685	253	253	576	70
876	85	583	583	751
856	615	423	788	580
796	145	23	198	780	198
576	275	683	928	651
606	555	423	491
816	463	682	58
826	933	942	768	530	768
526	963	519
36	673	749	342
596	653	879	879	960	879
526	703	619	619	400	585
276	153	949	774	153
616	313	970
706	793	817
116	113	987	113
886	883	24	508	510	510
456	743	415
846	443	185	562	185	151
366	503	405	952	468
516	333	555	472	391	472
16	713	865	799
746	443	265	510	738	584
816	163	405	405	370	281
486	733	485	486
886	143	143	415
516	23	23	485	350	358
996	153	153	498	369
396	663	663	891
146	423	423	631	330	18
416	523	523	851	447
836	23	23	511	347	740
486	453	208	982
276	113	468	49	172
486	283	278	539	710	486
656	343	868	39	14	39
516	513	38	209	513	38
416	273	648	500
66	733	738	130	130
726	843	308	664
786	623	548	94	751	70
236	483	188	535
716	513	818	905	280	818
906	593	268	593	906	890
446	463	808	808	602
616	663	448	448	663	522
786	693	998	841
326	243	628	951	390	669
46	913	78	241	640	78
496	943	88	161	994	590
766	173	766	107
906	993	906	397	630	409
646	483	646	483
116	873	116	116
146	523	21
446	43	801	454	780
26	693	981	235	94	732
906	213	501	906
706	983	711	711	800	39
786	813	651	651	150	378
476	708	714
316	261	342	49	49	342
626	491	582	519	480
556	141	792	789	894	792
616	971	572	54	572
316	491	592	864	379
526	251	942	874	465
126	701	332	604	473
526	911	282	584	568
626	81	692	54	81	847
166	921	782	575	719
156	731	522	145	830
406	451	52	5	5	213
376	111	942	618
696	611	152	648	250
626	791	952	568	780	780
306	181	2	418	590	418
976	231	272	398	25
176	671	502	508	671
586	411	252	586	980	586
856	931	402	856	767
426	701	992	426	274	426
16	71	962	71	470
286	531	532	531	750	39
306	771	902	771	40	988
776	921	612	921	373	38
66	471	10	952	569
86	661	300	322	135
156	41	570	570	69
476	591	850	850	225
826	821	30	30	168
756	561	930	524	119
776	391	370	444	715
306	551	840	595
446	721	600	765	632	448
56	491	410	335	869
346	681	100	165	713
756	241	190	535	241
666	841	110	478	110
386	721	880	638	880	733
326	21	990	618	494
726	211	30	168	564	385
686	421	360	868	805
776	521	500	318	475	482
566	451	740	338	523
746	711	800	528	711
236	891	160	891
706	121	544	389
706	511	344	345	590
26	81	764	555	81
496	91	374	663	795
446	51	534	238
926	981	714	68	68	132
626	891	164	891	250
176	481	774	481	847
626	631	673	202
336	891	23	282	891
846	721	593	199
636	801	823	285	819
196	351	363	965	490
196	951	53	55	930	509
986	421	73	515	560	515
846	231	923	135	190	98
216	111	753	753	79
596	391	63	63	775
506	661	33	33	845	719
586	641	413	413	641
336	761	673	688	30
186	111	843	868	760	868
96	481	603	96	617
496	551	633	496	496
846	661	953	661
226	921	588	672
66	781	18	802	989
576	421	208	492	899	80
956	841	578	472	330
376	341	378	522	264	375
486	951	638	762	624	951
616	901	438	802	455	549
506	451	438	802	506	506
566	221	558	822	221	822
186	481	338	852	481	687
546	931	298	372	931	694
496	441	388	110
306	131	688	380	380
566	91	238	820	820	115
436	101	308	350	350	101
486	241	258	580	25	241
606	781	188	540	606	606
586	131	68	170	131
316	131	788	444	672
666	671	448	504	242	520
136	961	228	4	809
506	941	218	364	599	900
636	771	518	4	385	439
726	671	168	104	671
906	331	118	3	99	170
646	891	238	263	535	840
996	311	578	423	423	311
866	111	308	663	111	287
291	402	402
921	112	112	248
171	322	139
81	52	409	240
841	402	180
471	732	700	755
111	132	840	5	74	132
421	822	687	822
861	572	657	200	200	965
901	422	597	324	635
281	172	97	418
751	302	474
431	462	294	462	737	462
691	242	994	427	853	242
711	792	934	575
181	672	64	665	181
981	212	984	628	5
731	742	524	416	420
211	242	664	211
371	842	65
991	362	85	362
371	2	855	2	855
441	812	205	959	812	205
961	702	505	380
51	372	815	447
431	322	355	797	322
451	52	425	954	52
281	202	325	804	630	978
611	252	565	624	996	611
481	522	75	75	340	109
881	852	105	105	110	418
331	862	995	995	984	995
641	712	285	523	712
921	382	365	921	234
381	952	795	381	808	952
1	432	313
671	112	973	671	112	644
281	132	58
191	102	688	102
331	622	488	622	115	29
691	632	68	632	691	632
271	852	418	100
251	532	458	600	532
471	42	558	384
691	102	958	484	770
101	902	128	174	15
781	732	768	804	846	107
631	342	838	715
641	812	388	753
511	912	998	653	511
21	242	728	728
281	672	698	698	672	486
851	882	538	538	680	49
261	22	948	948	870	948
911	172	598	598	244
511	622	338	338	584	860
731	972	588	416
601	632	58	746	140
391	342	898	186	934
671	132	148	606	244	132
891	612	128	891
421	932	408	421	932	505
431	572	648	431	572	648
611	922	608	611	960	485
371	612	258	371	258	3
521	272	76	957
561	242	526	587	254	890
811	72	136	136
641	692	406	406	692	597
31	212	856	856	360
771	782	886	886	830	38
631	842	386	386	10	631
21	32	596	596	824	220
381	12	786	786	673	673
271	792	726	271	850
291	432	376	291	800	779
91	282	736	91	400	395
231	712	226	231	930	238
651	732	651
181	442	181	160
791	612	791	30	178
381	472	381	177
231	902	231	704	410
551	302	551	551	302
301	872	301	301	970	238
921	102	921	921	163	163
151	320	512
551	290	12	159
711	950	52	950	68
491	850	552	944	286	417
441	600	122	245
561	820	22	148
21	980	482	718	980	718
931	150	532	748	931
781	260	822	246	260
121	0	282	986	0	948
511	940	432	511
231	140	922	231	140	379
11	830	422	11	117	830
751	320	919
571	940	109	109	940	218
761	140	140
551	250	250	495
591	270	270	85	270	591
521	360	360	255	16
461	630	630	998
121	520	520	398	520	398
721	320	320	796	721
131	820	820	131
811	460	460	811	592	545
131	510	510	131	510	78
521	600	600	521	27
221	830	830	221	717	830
311	610	694	215	39
591	320	784	193	784	109
351	850	535
541	680	495	792	224
61	370	505	382	505	61
461	200	685	859
781	690	585	629	690	678
121	100	5	29	973	5
731	250	875	250	875	731
501	720	995	720	501
771	350	95	654	813
31	690	225	225	690
211	780	385	385	780	948
11	260	595	595	204	306
41	960	115	113	115
951	560	785	103	328
801	40	625	696	40
831	120	995	206	573	995
351	920	855	816	423	698
841	150	315	841
701	490	145	701	490	689
31	970	985	31	970	428
301	690	945	301	457
631	670	718	982
21	240	68	472	326
181	800	168	800	89	993
111	770	578	770	111	770
761	430	638	305
451	270	288	815	162
551	550	858	615	772	858
541	100	208	915	100
61	710	438	438	352	438
821	80	158	158	80	821
741	0	788	788	353	665
11	130	848	848	853	848
801	770	358	836	770
91	0	858	91	444	402
231	880	38	231	293	205
161	580	376	161
451	690	526	451	912
241	490	206	241	82	468
221	520	166	221	520
611	930	716	611	930	59
501	860	116	501	860	860
471	530	206	471	530	78
671	210	616	671	210	616
291	740	206	291	914	206
241	770	276	241	593	385
301	140	516	301	813	988
41	540	41	642	958	909
311	770	311	770
381	900	381	237
291	20	291	747	20	138
671	230	671	838	892
711	360	711	268	222	489
201	220	201	201	220	608
331	537	962
401	17	452	315
631	617	622	425	622
271	437	82	375	82	375
851	427	652	895	640
371	47	532	168
571	617	702	571
671	307	382	671	255
971	417	542	971	846
261	377	500
441	447	120	972	447
71	77	500	902	71
461	577	60	60
491	257	340	340	528
551	187	570	570	551
221	637	840	914	755	840
51	667	530	944	228
401	407	970	954	588	345
771	477	640	844	828	366
981	957	480	784	346	981
971	977	390	275
241	567	270	165	992	268
951	227	90	168	90
731	517	610	8	610	276
261	607	810	136	810
91	197	450	866	450	866
971	267	740	686	444	686
981	317	320	981	752
941	227	880	941	474	455
71	517	364	602	266	364
191	747	434	905
221	447	794	505	830
101	587	294	653
301	117	954	518
511	137	784	388	159
711	517	724	88	626	711
311	897	64	558	311
141	317	234	856
511	17	714	706	535
371	437	753
741	367	783	575
701	987	593	835	710
261	37	383	383
601	257	423	423	114	19
741	777	173	908	550
231	237	363	918	684	902
51	117	763	288	715
271	137	483	218	483
301	57	103	898	103	315
341	567	223	168	341
631	507	503	856	480
751	207	378	32	54	655
361	117	838	722	326	117
661	37	768	632	546	661
381	307	798	120	272	579
931	897	408	270	602	931
31	217	138	460	460
961	327	188	570	425	570
791	457	648	590	406	457
811	497	168	503
661	277	748	963	502	661
811	567	638	23	50
361	597	928	153	125	750
831	464	12	453
331	774	282	218
961	644	622	698	622
471	504	829
391	364	719	480
331	264	839	570	839
321	54	380
341	924	690	719
671	794	460	245
461	904	90	198
131	314	670	838	670	579
671	524	630	528	630	528
521	34	165
141	64	245	269
151	484	125	409	520	88
861	294	455	990
771	524	215	860	22
331	134	695	210	92	695
631	424	745	30	269
231	584	285	140	584	309
811	264	785	785	330	509
511	304	25	25	950	538
771	414	335	335	780	771
311	144	85	403	336	952
541	514	265	541
971	424	955	971	562
871	94	695	871	560	909
201	554	155	201	530	8
961	554	715	961	554	520
511	234	718	212	519	950
811	274	198	630
131	594	318	820	769
211	994	358	230	358
731	24	538	538
371	234	618	618	170	371
101	564	986	962	865	560
621	634	46	582	858
631	954	631
871	14	871	572	635	713
841	494	841	932	858
71	734	71	450
741	44	741	890	218
131	874	131	927	180
221	614	221	817	880	258
31	134	31	134
641	704	641	704	952	395
691	684	691	684	210	425
171	754	171	758	730
811	194	811	811	910	448
481	784	481	481	784	220
1	983	182
701	483	42	219
301	933	92	179	60	628
101	163	502	376	101
911	253	362	911
421	353	262	421	353	262
621	103	509
991	303	319	319	40	878
681	893	539	210
581	733	190
491	153	650	479
421	513	240	421	513	240
881	53	727	550	368
201	743	57	743
11	403	884
541	403	684	816	860
401	653	944	401
651	143	75
951	473	335	512	335	951
991	333	735	780
661	293	95	520	89
691	733	315	260	728
871	583	95	584	266	767
841	463	985	834	841	290
911	83	895	895	160	948
491	743	75	406	743	378
741	623	623
81	213	213	505
701	373	373	778	34	60
571	503	503	88	503	503
531	493	493	976	667
551	173	173	551
771	453	453	771	320	408
871	213	213	871	837
351	913	548
491	593	168	542
721	733	448	62	717
11	413	48	522	305
841	3	738	290
131	853	138	490	499
121	553	848	640	848	553
641	143	138	504	504
321	393	988	495
581	963	688	963
301	883	228	883	174	259
671	13	988	13	346	880
241	353	408	408	354	569
371	303	438	956	870
151	263	548	726	263
921	913	928	921
881	763	868	881	382
91	833	216	197
991	113	136	57	930	538
841	313	236	236
291	383	146	146	690	128
541	193	126	541
231	993	946	231	993	325
401	843	401
211	63	211	22	748	22
11	973	11	710
121	543	121	0	708
891	673	891	77	30	78
841	83	841	83
21	153	21	153	928	452
431	543	431	431	30	998
131	718	282
771	988	342	369	160
751	378	182	559	260	378
181	568	912	487
941	728	852	294	775
851	958	872	104	851
531	858	272	105	531
991	348	682	26	587
121	228	102	846	846
51	308	290	612	149
41	268	560	702	41
771	168	280	280
691	728	70	70	539
511	218	280	280	915
731	688	150	925	639
331	118	490	436	436
761	958	890	346	761
41	258	660	41
601	258	164
381	508	224	592	679
411	708	204	970	749
961	318	284	820	465	820
521	618	634	510	725	176
81	688	134	960	688
901	208	724	335
561	178	14	555	590
311	868	574	233
451	768	324	423	679	870
251	358	174	703	358
581	618	994	273	56	860
501	618	964	26	501
751	78	134	751	350
561	8	984	561	883	795
501	458	334	501	73	458
801	708	753	22	801
861	988	363	29
321	478	463	889	700
381	58	183	425
651	908	243	555	72
551	988	143	555	780
661	888	493	795	340	888
321	238	303	303	321
701	958	463	701
171	198	343	171	817
941	676	312	208
851	6	0	368	0
21	886	260	21	886	260
551	986	604	102
461	766	144	945	70
191	376	191
