582	969	582	969
862	379	862	581
752	409	752	971	144
12	169	169
892	739	739	892
262	769	769	250	769
322	959	959	880	555	959
312	779	779	790	638
122	449	370
792	899	310	792	899
452	289	520	965	484	452
592	749	760	391
682	109	257	110	608	110
92	809	794	92	231	990
562	769	44	713	695
692	309	194	821
522	179	235	522	921	490
942	979	793
112	449	953	835	334	835
72	749	533	528	110
942	189	703	988	940	988
172	909	473	388	455
562	829	968	210	562	829
672	709	858	433	644	911
892	920	425	920	892	425
852	610	223	675
782	930	978
822	220	418	822	671	220
812	130	868	474	130
392	840	248	824	840	729
652	420	538	303
972	950	208	133	626	950
62	510	56
942	567	942
422	37	690	422	239
992	307	194	35	219
852	307	194	415	831
452	497	243
142	257	343	878	966	430
642	237	406	642	815
62	294	189
982	444	149	982	555	641
372	694	929	910
342	864	49	280	808
832	854	895	333	854
222	484	925	591
422	304	993	305
792	134	438
732	654	838	732	825
372	294	898	710
582	584	158	640	158
112	194	288	194	186	297
862	264	468	471
22	244	731
932	584	281	584	343	355
252	525	252
392	385	392	385
192	45	192	45	192
972	355	972	355	972	546
192	385	192	385	759	192
992	565	869
382	475	289	382
822	115	659	58	803	115
212	345	490	212	558
892	965	770	892	881	217
172	585	830	585	419
202	75	400	75	976	61
682	535	790	535	181
712	445	910	326
442	475	850	846	914	846
602	615	274
872	325	744	393	325
62	365	744	596
852	705	794	306	740
622	335	335
692	55	55	692
522	545	545	522	371
952	675	675	460	201
722	415	415	834	911	360
12	935	935	563	935	12
632	795	813	632
232	395	703	249	660
792	45	873	159	873	856
482	255	223	724	255	720
372	555	733	104	555	701
762	725	883	725
862	75	243	938	471	837
872	635	653	961	674	872
432	255	483	231	231	432
972	25	553	781	781	553
652	185	236	652
752	675	126	752	218
762	65	256	762	631	50
722	695	911
742	255	361	742
742	15	981	910
512	115	911	380	676
252	815	711	607	150	948
2	545	161	104
852	745	221	624	852	220
992	255	521	814	992	38
472	875	651	588	472
162	275	61	78	510
612	155	681	138	84	155
342	523	648	304	396	681
332	213	668	21	332
212	718	212
402	108	402	309
502	858	502	169	423
72	848	72	794	5
622	908	622	908
962	548	962	548	962
572	88	572	88	572	23
512	898	512	481	424
432	588	719	850	935	611
392	938	819	764	406	177
712	658	859	933	658
42	328	269	328	534
452	438	280
462	698	210	462
442	918	920	442	469
962	38	220	962	38
372	368	640	369
682	598	600	554	821	33
122	168	410	105	122
942	218	390	425	942	390
952	318	20	755	29
72	68	330	575	271
472	838	60	931	60
962	108	147	962	108
232	648	147	232	661
672	778	594	672
232	338	424	329
272	298	834	583	186	780
592	918	74	503	796	503
222	898	274	303	81
632	458	554	576	720
322	798	614	156	10	645
332	578	714	846	971
972	558	814	376	581	972
832	68	14	181	430
452	908	235
542	928	355	542
622	68	575	40	40
712	658	715	114
472	128	393	472	128
932	998	523	932	846	991
232	238	883	704	479
572	878	453	254	215	911
632	108	763	763	575
972	598	443	66	10
422	538	538	422	987
52	558	558	52	535	791
672	818	818	672	346
962	28	28	730	962	28
512	498	498	590	815	401
62	58	58	220	66	181
712	368	368	634	19	130
272	308	308	354	380
432	88	88	504	256
342	238	238	804	906	517
82	338	496	310
452	958	386	790	725	913
992	648	396	890	396
192	38	286	567	324	95
252	928	176	244	345	170
622	298	326	574	5	163
862	278	366	904	366
12	198	846	983	335
822	238	286	3	505	3
792	8	921
342	178	661	342	178
452	568	681	117	452
952	258	61	544	952	299
432	488	461	84	986	461
762	96	762	95	762
442	106	442	228	513	75
522	206	920
932	476	747
102	246	87	360	895
762	166	407	760	166
122	936	997	570	971
372	836	117	434	605	880
792	796	27	73	158	220
902	316	874	879	390
552	26	924	741	924	552
972	746	715	133	138	951
642	396	313	665	644	642
292	686	853	728
132	86	86
602	486	486	602	14
242	596	596	242	38	341
822	36	36	822	511	630
812	46	46	350
502	816	816	310	305	951
722	866	866	960	98	591
92	356	356	300	356	356
442	766	766	580	61
442	676	676	700	511	676
902	216	216	64
232	306	306	184	306
862	236	236	734	236	480
222	656	656	264	656	777
42	186	186	424	186	41
832	916	916	53	858	791
132	376	591
902	636	161	902
892	696	721	892	338	920
122	706	561	122	658	561
282	316	111	580	580	718
822	226	201	500	228
552	696	191	910	558	235
592	706	931	344	865	931
612	576	771	144	798
252	606	911	104	911	630
992	126	861	33	638
32	696	601	568	230	568
662	511	290
712	41	250	236
122	451	857	122	538
752	791	337	373	138	791
222	861	504	846
952	601	93	195	900
642	491	993	955	770	608
682	921	813	965	554	682
792	411	18	974	792
582	771	771	582
122	581	581	122	54	905
712	691	691	712	998
912	241	241	70	545	989
392	601	601	610	915	601
22	371	371	280	678
522	641	641	670	598	275
32	741	741	810	366	741
152	931	931	4	959
652	721	721	244	798	900
682	331	331	723	418	865
619	732	619
679	362	679	362
409	612	409	409	630	468
409	542	409	0
869	792	869	653
279	132	160
529	732	980	478
439	382	687
299	432	387	793	793	5
369	802	404	855
549	692	284	478	692
519	992	594	838	594
849	282	384	856
139	502	675
279	952	205	952	804	279
799	72	395	799
609	752	135	609	752
869	172	285	869	300	468
79	502	865	64	593
599	702	595	595	510	658
959	342	435	471	342
459	142	5	41	953	5
649	172	773
879	662	523	854	615	10
239	762	418
579	632	378	632	271
339	702	28	870
539	12	258	300	258
859	262	398	254
749	722	978	885
689	712	448	595	140	689
569	802	128	805	390	128
579	822	358	173	173
179	272	398	398
939	182	38	436	611
239	902	998	51
429	192	68	321	260	68
729	242	208	751	273	586
499	942	868	981	868	260
79	792	908	601	36
469	802	836
809	372	846	967
839	232	376	127	240	839
409	502	966	457	970	970
739	782	296	117	920	398
619	352	126	884
29	932	646	335	301
669	702	946	946	274	930
199	772	541	772
969	742	531	10
459	782	751	360	208
239	862	271	764	193	55
19	340	852	19
449	620	452	449	620	915
719	90	452	719	90	568
539	410	912	784	528
119	700	942	555
979	370	392	855	370	828
769	810	642	578
849	980	712	808	684	980
719	80	582	668	691	277
439	30	522	636	167
159	920	502	661	497
909	900	909	513
289	790	790
119	360	360	119
229	920	920	528
389	890	637	502	564	168
949	190	77	3	18	885
779	500	907	263	898	386
419	230	357	203	748	731
9	820	394	5	3	936
199	820	84	106	891
419	440	445
719	480	175	352	868	983
99	520	875	882	711
709	160	785	709	992
849	170	945	170
9	990	795	524	990	328
359	910	305	305	910	51
479	120	845	13	811	120
69	650	565	916	650
549	890	825	496	890	825
919	860	725	691
39	830	775	611	830	528
599	60	515	311	84	515
839	460	553	81	822
579	680	568	772	667
869	200	38	252	761
559	970	798	692	11	970
269	860	818	860
709	10	468	744	709	10
739	280	718	285
159	700	866	282	715	159
229	980	806	980	980	229
49	300	736	300	958	781
49	0	276	334
929	830	456	314	188	830
659	500	686	364	686	1
769	930	126	126
589	40	946	946	962
219	970	371	232	804	705
579	110	31	382	918
419	670	811	670	95	811
939	200	321	200	418
249	860	301	860	256	301
699	710	61	534	555
999	847	482
259	607	472	524
359	627	492	905
19	597	272	518	475	272
769	417	940	558	684
389	757	243	975	654
519	327	503	503	985
269	577	443	801	624
339	344	172	620	195	620
289	14	432	355
869	654	869
829	94	829	829	300	758
819	434	819	434	520
389	884	389	884	335	630
199	734	199	505	822
719	474	719	495	891
459	874	459	496	251
329	134	230
509	904	690	735	690
49	214	440	138
229	714	370	646	714	646
129	734	100	451
319	764	960	691	960	878
639	264	264	43	639	43
889	94	795
769	744	205	302	518
849	564	85	849	30	338
789	254	855	700
899	754	105	830	988
569	904	685	720	268	593
929	264	265	265	260	988
989	634	465	51
609	774	223	609	420
479	264	383	286	290
329	864	963	691	902
179	304	188	179
819	764	928	350
519	44	388	131
799	794	568	701	540	155
99	524	506
619	214	686	857
99	134	16	757	790	99
309	914	986	627	400	728
399	694	186	55	372
29	254	86	86
89	354	216	831	162	89
409	634	811
99	884	321	892
899	404	61	190
129	664	661	150	808
609	194	531	687	150	78
789	394	231	403	625	590
699	14	911	911	543
889	503	912	821
319	383	592	211	240	319
499	583	652	451	70	818
759	33	759
889	763	889	889
379	273	379	379	10	379
79	423	79	79	620	408
319	623	319	319	194	80
609	3	609	3
809	593	570
89	893	740	748
659	753	390	796
49	293	500	96	875	151
29	383	340	96	501
829	683	4	445	92
669	423	864	281
569	263	944	801	90	569
289	853	665
309	953	595	452	301	460
499	473	295	730
999	623	355	890	890
579	843	815	815	632
379	453	115	115	453	891
769	573	575	573	808
119	553	445	546	644	280
559	483	985	851
919	963	963	919	372	919
879	533	533	565
369	413	413	408
479	903	903	58	560	479
939	433	418
579	753	488	582	579
409	573	658	862	409	573
49	523	688	700	700
979	563	848	834	872
389	273	938	335
649	923	358	376	22	649
699	823	658	216	980	658
179	643	598	81	20	598
959	943	218	631	706
739	113	696
199	773	86	662
109	303	66	22	109	647
149	203	796	660
319	703	656	600	288
59	883	646	864	646
79	353	696	696
379	103	276	276	260	78
559	863	731
549	33	581	882	108	549
109	163	551	452	551	200
179	793	661	130
439	353	331	170	439
999	13	361	370	8
999	363	131	654	936	887
279	753	481	481	400	279
659	483	451	451	220	638
529	808	612	364	625
959	28	952	534	715	640
779	348	32	55	981
59	8	352	421
349	778	852	591	250
839	828	810	162	839
179	928	730	502	928
879	908	950	950
949	448	570	746	746
499	348	530	226	991
739	888	114	932	256
849	328	694	990	849
589	878	334	660	878
609	48	614	990	226	491
999	468	614	255	255
169	648	253	84	891
759	578	963	935	652
189	668	303	455	170
489	608	983	985	120	608
579	508	743	216	216
680	332	735
330	292	248
10	2	898	10	369
310	202	638	75
590	752	188	175	590	188
590	652	598	401	217
140	712	646	140
230	2	676	230	358
560	822	926	774	560	458
950	652	426	181
580	122	736	421	580	758
650	252	551
100	582	461	100	115
110	962	71	110	778
20	312	641	396
730	979	979	730	888
310	739	739	94	286	347
420	9	9	63
450	769	450	502
330	209	957
970	979	64	731
420	779	584	561	973	908
70	70	558
560	560	938	74	560
780	294	179	780	195	301
170	664	679	170	988
720	204	51	417	720	988
90	835	812	90	835	812
90	205	782	701	90
60	245	479
80	505	639	80	372	618
90	615	949	90	949
350	985	909	350	788
180	535	999	180	388	180
950	675	799	984	781	950
410	295	609	663	278	410
140	105	199	613	406	406
950	115	997	82	71
540	745	745	540	542	989
360	475	88	863	863	531
320	435	776
180	755	396	802	755	479
60	325	516	772	771	60
570	475	296	570
30	15	826	30	342	321
210	995	886	210	281	210
930	815	26	541	552	628
110	765	341	842	939
740	125	761	740	238
60	125	281	904	742
40	785	511	334	948	40
600	355	171	693	355	600
310	635	791	558	310	310
720	993	902	825
340	73	215
920	333	106	622	71	920
10	593	686	764	509	10
250	263	326	284	945
990	578	202
600	948	882	869	600
890	388	462	796	890
690	228	972	946	690	189
720	98	862	846	720	98
210	808	319
230	818	230
350	188	944	122
430	298	865	430
240	818	203	289	240
30	708	893	489	30	489
260	878	533	596
840	938	393	886	840
440	328	328
930	598	598	262	145	159
740	928	928	32	405	981
300	208	208	912	661	912
530	338	338	984	591	530
970	498	498	983	498
480	68	586
400	258	31	377
160	528	261	917	160	405
510	846	510	538	510
280	656	427	664	245
70	676	485	70
320	276	276
570	756	756	570	239
810	66	66	63	554	715
390	386	661	192	679	453
900	116	381	522	381	900
430	846	291	430	868
860	726	511	298	860
580	76	391	508	394	695
970	371	702
630	151	37	912	995	630
840	171	567	840	175	840
840	101	207	840	848
390	211	287	674	409
160	11	627	864	339	160
410	691	987	754	85	410
270	681	777	335	153	806
710	991	167	223	586
100	241	175	232
137	882	379
207	572	949	949	570	315
747	882	359	359	684	260
857	112	69	69	763
947	552	179	660
437	542	230	101
757	482	757
607	352	664	965
617	362	434	295	340
157	672	754	208
87	92	524	478	19	393
207	112	24	268	810
507	462	944	118	180	249
607	112	934	8	210	325
357	822	405
837	472	65	259
47	992	835	599	700	599
137	142	795	529	310	148
267	112	845	845	112
967	602	765	686	602
777	112	745	796	970
647	852	815	811
617	902	193
307	842	313	348	714
647	312	888	312	246	246
827	672	538	969
877	442	958	69	930	545
387	222	198	109	830	198
147	272	998	640
527	832	358	624	266	527
87	42	318	95
767	392	198	198
727	632	658	66	727
337	482	98	181
507	532	38	681	704	775
677	102	236	102	585
867	962	756	867
977	52	756	977	310	828
837	702	966	966	702	208
617	302	226	891	302
827	692	166	591	220
157	412	856	281	760	415
297	192	146	911	540	788
437	912	691
937	82	131	480
447	942	211	80	788
47	502	941	47
237	262	891	237	24
587	132	591	678	540	59
757	902	51	51
87	272	771	771	750	999
557	562	301	301	240	128
207	150	552	949
207	130	622	209	130	209
57	540	542	139	540	898
657	150	122	938
277	560	572	898	560	898
877	390	232	98	626	390
287	70	572	458	866	191
17	560	142	298	711
237	10	792	678	881	237
967	630	132	888	511	756
267	330	752	381
777	380	132	831	380	938
217	330	682	331	217
897	40	49	40	718
237	420	420	179
27	70	70	999	70	848
707	490	490	658
37	60	754
397	170	904	904
517	130	794	558
177	250	795
417	730	945	892	689
597	360	215	869
767	280	955	955	682
307	970	995	995	484	995
97	960	455	241
457	320	145	261	320	888
517	980	678
687	540	148	619
27	960	228	699	960	228
867	150	398	150
517	710	958	710	652	301
287	550	728	550	84	5
577	180	188	180	433	865
227	320	308	320	921	853
137	50	708	14	183	571
467	110	338	475
937	290	928	5	290
517	220	88	5	534	742
267	270	938	453
57	640	668	53	864	199
657	590	808	653	274	525
787	480	458	893	85
667	260	378	156
87	810	478	826	810
627	950	388	146	950	289
877	180	568	456	454	568
307	300	776	571
537	930	581
397	260	951	260	568	723
27	850	981	981	850	508
457	34	612
967	334	592	675	131
927	4	802	321	700
447	894	309	309	60	625
277	444	499	830
287	884	539	230	539
137	314	899	290	38
497	464	80
487	324	450	889	450	438
867	524	520	528	233	205
57	54	160	418	93	616
117	774	195
627	154	515	169
167	874	315	649	60	478
967	864	735	143	864	589
327	54	45	501
997	944	815	961	30	328
437	354	838	780
657	694	658	690	489
737	544	638	670	638
707	414	438	153
547	974	818	586	250
487	134	666
337	314	846	337
287	384	256	675
707	74	136	136
87	394	236	236	0	298
437	154	156	961
767	374	896	851	374	390
507	414	826	471	133	725
367	794	421
307	124	831	307	270
687	494	351	687	60	898
427	804	811	811	130	18
927	163	242	98
527	43	242	618	379
467	353	92	858	146	550
867	123	492	636	161
477	903	39
797	643	489	489	210	85
447	663	529	529	290	718
67	863	960
347	443	490	628
237	953	704
717	373	684	625
667	733	544	426	60
827	913	354	936	471
817	283	704	281
717	123	505	559	312
967	193	565	89	193
577	283	515	440
227	343	425	270	256	411
37	653	725	884	120	989
7	903	545	903	458
947	483	483	719
187	703	703	199	500	199
167	543	543	889	64	760
397	733	733	389	733	733
277	913	913	525
567	163	163	436	180
887	373	373	916	887
887	123	123	681
417	503	503	421	470	278
667	423	698	542
737	583	328	409	410
207	603	858	505
7	23	458	835	240	909
17	103	528	675	770	528
567	983	808	275	620	431
327	113	328	328	684	529
167	123	738	738	123	738
697	343	288	966	890
807	423	538	906	840	538
937	893	988	876	881
617	753	736	390
797	753	146	260	659
727	233	426	974	890	958
317	653	816	681
727	713	906	671	550	178
517	133	6	121	754	600
937	943	1
277	763	621	834
227	413	801	801	30	378
44	222	943
194	79	872	975	191
84	279	279	592	321
294	969	480
394	709	440	532
414	89	350	802	350	89
714	539	320	982	821	320
594	799	720	594	476	541
234	709	60	396
354	779	354	173	181
834	739	834	201	530
134	279	253	176	490
4	867	4
224	955	12	955	50
14	765	359	382	765
504	125	859	362	125	800
144	745	469	952	538	11
84	335	849	910
754	985	709	580	580	709
174	915	489	720	915	720
864	755	969	360	755	651
834	785	719	834	561	190
544	325	369	903	903	858
884	995	179	658	884
564	915	330	858	971
444	95	497	20	758	20
594	405	594	463	405
64	65	64	641	64	736
404	895	895
754	135	135	102	691	760
774	155	155	480	248
984	665	665	220	956	956
994	345	345	140	906	351
204	985	985	560	511
814	125	463	125	210
464	395	163	196	464	395
494	665	668	333
604	95	798	583	902	319
304	835	36	172	835	150
664	345	36	360	862
424	685	976	200	200
4	365	56	340	340	898
114	925	886	400	868	831
594	645	186	200	411
674	295	476	727	503	590
764	615	16	764	69	780
214	995	356	214	356	531
864	255	346	181	152	728
64	775	261	130	775	419
354	605	321	370	605	321
334	725	561	70	888
884	705	871	200	918	705
414	185	611	414	185	760
154	565	811	613
554	345	521	503	30	399
764	785	161	913	785	340
864	45	571	633	98	571
764	543	489	392	641	390
774	333	499	774	499	910
484	873	549	484	395	70
174	303	439	174	391	700
854	23	249	23
514	493	489	493	186	493
204	853	885
504	763	195	763	195	920
794	253	561	832
934	438	52	219	520
834	118	872	681	540
904	278	520
124	438	810	5	810
314	98	314	202	65
714	478	714	909
24	598	24	499	420	826
954	378	954	89	954	425
454	58	454	806
34	78	34	586	730	759
74	278	74	936	74	465
74	728	74	91	74	246
524	428	793	235
774	868	123	835	320
464	338	563	245	800	338
94	616	192	91	94	565
724	486	413
724	826	826	100	724
944	976	976	944	971	750
144	46	191
994	741	50	358
654	411	17	400	528
954	111	306
925	842	842
875	862	169	169	370	658
845	362	669	534	288
765	212	630
65	162	634	162	909
915	482	84	482	915	901
25	552	854	949
475	72	234	475
625	392	834	193
465	972	184	906
35	942	134	66	197
765	642	765
585	112	585	112
405	32	405	719	594
265	102	265	400
705	222	705	280	706
715	742	715	733	654	729
525	742	525	981
975	702	263	236
195	912	78
765	392	448	939
285	572	48	519	33	33
495	702	638	630	816
585	342	278	34	585	910
695	72	78	78
205	642	288	288	642
725	812	118	118	812	636
875	172	206	172	418	609
625	862	876	737
775	162	996	274
95	92	636	714	593	95
205	932	476	401
365	322	171
355	702	511	702	355	511
935	252	81	680	966
755	102	451	957	790
885	712	551	527	580	518
35	362	11	744	933	35
995	872	951	348
825	22	371	808	263	825
825	322	211	211	480	8
65	420	902
445	630	712	601
915	320	752	241	320	915
305	660	972	311	507
155	770	749	749	770	898
875	240	240
825	670	670	369
25	360	360	349	360	508
105	80	80	409	236
255	50	50	588
805	890	890	996	890
875	70	70	741
935	430	694
425	540	544	256	1
115	890	115	541	392
945	910	273
175	540	693	175
115	160	318	564	115	160
45	60	456	60
615	400	856	97
275	420	826	826
605	330	156	411
775	510	636	991	510	828
555	950	521
675	810	451	810
405	350	321	350	728
905	470	81	547
795	690	41	787	690	748
585	800	871	964
845	850	51	51	850	399
85	100	701	701	100	848
885	404	282	861	282
685	24	379
235	74	499	82	235	82
95	414	999	240
455	534	279	534
155	244	349	663	58
925	384	925	460
195	764	195	103	195
715	754	715	961	967
705	64	903	871	782
295	654	196	500	654
535	844	696	535	262	696
25	414	146	146	620
875	284	121
455	484	581	770	248
725	394	251	907	350	88
825	954	481	954	319
275	14	491	563
985	154	561	483	985
195	134	721	298	273
545	934	981	981	380	578
375	513	12
675	293	529
275	343	889	889	700	558
715	273	279	480
65	913	79	650	79
25	763	609	354
805	663	519	663	936	60
265	53	304	265	891
705	533	274	8
225	733	864	246	480
85	623	85
685	233	685	822	94	469
575	423	575	232	334	548
735	13	735	552	735	890
335	33	335	189	582
585	903	585	509	903
455	533	455	660
825	113	825	950	825	950
45	283	45	820	45	561
725	203	725	800	216
795	773	795	210	771
245	233	245	24	233	245
395	293	395	395	172	391
975	573	975	751	242	975
965	763	763	965
325	813	813	926	990
575	193	193	446	260	588
585	963	768
315	493	78	632	78	399
215	723	818	972	111	770
995	433	508	334
725	163	178	124	892
235	293	128	654	60
145	203	208	134	651	340
755	793	558	451	717
85	923	626	50
375	823	76	660	612	375
815	393	876	930	609
55	383	466	310	358
445	243	986	664	445	180
235	973	801
475	863	651	312	475
5	953	901	132	901	170
575	633	141	760
315	723	411	310	869
475	723	371	740	958
395	573	271	897	950	328
425	283	561	754	283	425
275	321	7
503	92	8
483	722	858	90	989
193	802	556	650	802	155
923	762	406	990	406
513	912	746	954	746
313	912	66	981
983	732	321
123	22	361	440	22	658
143	642	151	340	995
253	902	161	937
353	662	471	67	750	789
683	379	612
983	919	919
373	309	309	364	246	377
643	199	199	456
603	569	840
893	549	320	893	755
3	739	34	226	441
303	989	303	78
203	609	203	938	90	609
353	289	396	353
413	560	165	764	165
613	700	658
53	880	316
123	777	964	662
283	507	283
23	494	494
943	424	485	251
33	264	266	264	255
793	305	742
503	835	959	574	835	990
843	55	880
953	965	360	218
123	825	874	123	825
313	75	336
763	375	586	190	871
693	285	6	224	109	830
463	585	361	463
83	83	394	369
203	203	265	786
753	753	295	691
963	963	378	19
33	33	671	174	789
743	458	132
483	268	582	749
273	128	482	305	871
13	18	122	641	920
163	668	572	241	163	668
813	968	979	62	854	775
203	58	819	520	58
3	578	640
743	278	260	132	589
223	478	160	985	219	552
283	698	464	920	265	861
203	148	414	247	203	995
233	258	114	26	233	655
23	968	785	182
783	338	505	162	231	0
293	768	925	984	556
383	368	383	684	539	140
133	828	828	4	906
863	418	211
683	228	791	500	791
723	508	121	477	554	149
443	948	671	657	443
283	256	870
243	596	394	379	360
23	296	354	0	928
193	886	193	415	530
83	56	56	690
413	746	746	210	354	575
963	616	531	410	374	645
263	16	541	70	75	541
633	321	852	321	480
353	311	877	720	318
403	711	894	922	785	711
303	501	654	303	136	0
673	471	404	471	404	846
673	141	673	246	624	246
743	201	201	742	788
193	921	921	340	258
573	791	791	573
718	782	782	59
438	152	152	156	707
718	992	159
778	152	599	152
108	972	139	972	108
288	842	769	624	842	925
228	972	779	844	844
588	142	379	774	583
68	332	449	204	906	967
928	612	569	463	225
448	892	207
208	182	227	929	182	208
8	52	524	52
778	192	24	969
398	702	804	449	620	398
618	102	794	455
958	212	494	265	860	958
368	842	814	43	814	539
128	582	924	216
498	642	34	236	20
608	582	774	346	510	489
88	352	434	546	200	88
848	452	554	336	554	925
58	72	325
98	232	725	232
98	402	715	39
428	542	525	419	542	525
258	192	895	989	80	258
558	922	715	549	94	558
898	42	15	620
678	452	235	324
628	702	305	124	859
318	342	375	424	375	290
818	492	455	455
878	732	355	101
898	982	555	711	982	555
318	102	125	941	70	318
328	522	328	800
248	612	248	214	886	477
348	312	706
128	302	976	302
438	872	356	872	465	141
858	542	866	540
618	962	716	760	755
728	502	926	760	728
68	262	996	737
538	502	346	67	100	538
48	242	686	834	263	715
278	32	346	346	650
548	152	756	771	560	548
338	582	911
638	402	871	402
108	812	171	960
218	112	571	400	479
878	172	141	160	878
508	352	491	767
228	942	561	797	860
778	32	391	47	610	579
398	522	61	217	440	398
318	162	791	944	955	510
128	442	781	684	623
618	472	231	584	363	165
398	772	791	64	791	970
388	2	961	293	293	425
378	102	611	611	102	945
948	822	321	321	780	815
728	722	671	671	340	728
688	92	111	111	494
388	472	91	91	943	855
788	230	552
628	450	202	489
158	360	72	769	769
8	150	472	409	150	8
868	720	852	868
438	950	642	438	950	438
48	700	912	446	533	375
208	910	179
618	300	9	242	5
778	180	809	42	778	180
838	60	359	612	838	195
28	600	519	642	28	11
418	560	449	312	861	560
988	680	679	679
968	960	539	539	960	355
208	40	859	859	40	208
768	840	629	840
448	240	209	240	240	209
558	700	329	874	242
428	680	299	783
668	260	260
258	270	270	629
778	880	880	929	880	929
318	960	960	769	960	955
48	630	630	89	630	48
848	470	470	955
858	0	0	746	0
918	380	380	616	21
628	90	90	531
68	430	777
808	170	237	372	654	808
578	860	557	392	406	557
238	380	267	380	452	149
908	900	337	900	82	908
378	540	887	540	502	191
988	860	837	873	860
878	700	447	653	653	919
948	730	264	105
628	780	904	875	282
958	450	494	775	866
298	270	374	766
118	940	54	111
828	180	64	551	180	828
698	950	675	639
778	590	315	279	590	778
588	330	975	330	696
518	760	15	760	681
948	630	525	654	525
598	330	855	14	46	987
428	290	215	215	290
458	580	145	145	580	331
928	640	805	805	454	805
228	140	945	111
758	570	585	721	570	679
288	150	325	291	150	150
458	290	665	581	290	458
878	900	878	822	711	900
468	870	468	870	822	929
458	890	458	890	890
938	590	938	590	825	671
258	250	258	54	976	250
418	960	418	33	33	191
998	380	986	380	232	551
508	610	606	610	559	332
808	960	76	960	960
128	900	796	900	900	469
618	770	966	770	285	529
578	110	886	110	695	110
68	560	986	560	35	101
548	10	556	10	371
98	710	436	757
398	370	866	177	623	370
268	980	466	314	859	980
668	130	826	34	985
208	460	756	814	875	42
768	650	396	124	396	931
458	620	366	43	458	401
438	60	426	541
58	810	46	291	810	58
418	840	546	421	840	546
538	30	246	941	794	538
798	100	856	301	444	856
668	700	91
298	380	961	702	254	875
768	230	251	602	395
358	630	321	252	358	199
228	70	131	492	228	70
608	730	961	730	995	730
338	330	971	330	655	971
218	810	531	810	296	531
178	470	681	117	470
388	590	961	84	522
8	190	611	154	190
548	570	931	94	570	548
548	200	491	924	945
958	0	491	434	55	262
268	910	511	544	268	910
328	850	621	153	328	621
988	650	921	493	316	316
828	410	731	828	702	909
178	150	171	178	150	150
848	730	571	848	113	571
298	960	811	811	960	889
938	370	201	201	370	938
118	867	192	936	383	485
608	367	180
928	437	80	542
988	777	570	570	35
618	677	80	104	975
588	777	260	841	833	588
508	967	714	105	260
18	387	464	695	73
38	847	163
968	44	62
738	924	72	115	241
198	784	332	11	332
848	844	869
338	524	869	869	790	485
228	214	549	549	460	228
278	374	169	630
598	204	179	540	485
378	54	19	30	945	831
508	894	739	310	508
978	424	660
898	174	300	898
88	534	835	989
878	914	235	589	570	589
698	504	295	330
798	454	975	975	190	798
958	74	935	116	730
948	694	825	916	520	948
468	434	513
108	74	83	91
228	724	683	241	410	228
258	534	606	510
998	154	386	350	795
78	214	486	200	78
948	864	506	527	864
988	874	86	86	900	988
478	404	306	471
648	384	781
968	374	771	192
888	144	781	540
358	813	662	799
438	83	232	969	940	969
478	253	252	499	560	478
38	503	442	985
488	623	952	488
878	373	702	878	850	878
748	153	312	766	501
28	303	439
978	763	849	849
48	113	129	129	24	85
178	263	39	760
848	893	19	460	795	321
68	673	709	20	673
678	133	590
368	163	240	639
538	793	850	538
218	633	887	982	425
538	623	64
738	693	124	469
598	833	114	411
438	553	675	939
728	803	5	799	150
668	503	775	289	503
238	223	145	20
588	863	863	149
998	293	293	655
248	313	313	26	202
278	43	43	56	81
218	623	623	881
998	33	33	451	440	749
348	43	43	201	330	348
228	903	86	670
708	83	716	380	399
18	543	836	100	911
578	33	106	34	10	979
188	443	976	474	930	188
698	413	416	474	285
98	853	246	246
248	393	696	696	850	248
598	133	646	981	610	598
868	633	526	481	868	32
218	873	91
58	813	481	372
588	43	941	172	15
608	553	1	322	1	820
698	183	211	210
38	463	611	480	38
188	823	491	547	940	188
958	583	941	583
348	83	611	83	348
778	73	161	161	932	965
308	3	661	661	990	885
758	343	281	281	440	758
646	52	52
386	712	109
216	982	209	209	320	285
276	952	809	400
26	122	949	627
296	632	29	997	570
626	462	369	874	626	871
476	682	39	103
236	362	739	398
876	752	250	911	250	758
316	392	417
476	162	57	57
816	792	404
166	512	634	819
16	812	754	405
356	482	584	355	551
986	462	584	138
666	212	654	31	357	840
26	412	905
86	982	955	982	4
256	792	745	339
306	302	535	399	302	535
926	662	445	359	50	359
986	642	175	219	220	798
516	162	295	569	577	824
966	702	645	860
916	482	295	744	300	916
966	272	815	966
346	902	175	346	280	664
386	112	955	386	444
436	932	255	411
906	682	235	61	424	648
456	502	15	571	703	15
616	682	523
776	62	468
236	622	858	622	622	119
996	602	238	329
146	182	758	740
376	42	438	234
756	272	88	945	272
86	772	758	633	989
766	982	288	383	235
116	32	718	783	116
116	312	168	168	312
626	422	718	626	422
836	202	198	836	260	105
566	712	228	771
846	82	128	61	153	128
366	842	366	842
996	482	996	482	735
586	872	586	872	865	524
406	402	406	857
376	162	376	44	525
66	102	66	614	145	20
596	992	451
906	172	541	172	895
286	882	861	882	508	882
536	912	161	90
256	312	621	120	120	625
46	182	901	94	645
876	612	561	184	465	760
776	462	291	614	408	30
586	962	821	788	73	185
906	329	290	802	891	357
156	160	242
356	170	152	297
96	140	902	728
626	880	222	618	880	19
276	180	322	908	180	908
696	830	692	696	23	215
286	220	242	981
656	980	72	351	980	759
116	110	212	901	110	248
66	770	612	461	197	770
126	910	779	732	375
516	550	949	112	591	550
16	10	489	10	875	901
506	300	300
806	210	210	859
816	840	840	39	840	39
976	20	20	449	20	308
156	700	700	375
576	720	720	905	894	720
96	350	350	248
336	210	210	336	210	210
686	920	920	601	947	920
576	50	674	175	50
926	230	894	595	230	398
176	590	804	176	590
966	590	164	311
156	80	395
696	820	665	22	211	820
336	390	115	179
166	990	975	609	990	990
356	760	885	369	760	158
236	230	65	194	163	488
256	980	505	505	482
876	920	125	125	920	881
926	0	965	965	664	251
96	670	135	96	602
856	100	925	856	100
246	310	565	246	310	799
116	850	605	116	793
166	780	55	166	843	908
676	210	625	311
856	520	498
806	390	888	32
146	90	318	32	344
606	590	678	590
606	860	778	860	917
216	420	928	420	335	420
846	490	978	624	490	846
696	0	948	634	25
906	840	818	624	985	840
66	630	428	674	513
706	980	808	403
76	820	708	673	565
76	930	848	893	893	105
626	30	428	443	443	601
516	350	448	673	516	102
496	290	988	988	212
396	910	858	858	842	725
776	540	958	431
56	770	278	111	92
236	840	236	236
426	310	426	271	310	271
886	890	886	241	684
656	90	571
886	530	41	222
116	910	951	82	910
816	730	561	157
896	330	651	254	330	258
976	310	701	833	485
386	170	711	513	386	170
256	640	481	481
526	110	331	331	110	110
936	500	51	51	500	258
566	667	872
416	857	472	759
156	467	102	199	540
886	7	482	399	220	399
566	717	622	739	560	298
896	637	322	637
996	247	22	247	634
796	537	972	537	804	745
946	517	532	515
866	767	182	705	705	182
336	767	482	505	336	482
406	157	682	985	491
996	287	502	838	19
56	267	302	278	600
436	917	872	318	220	318
286	787	32	158	475
526	897	462	441
956	747	742	321	742	835
926	467	500
646	27	60	252
206	997	350	202	208
406	517	510	302	288	299
896	217	220	512	48	896
336	197	230	572	471
216	917	400	12	711	917
176	377	110	509
116	167	690	29	690	448
776	57	670	670
826	87	810	810	915
116	757	460	460	578
836	627	80	80	911
166	197	820	335	219
726	27	430	18
546	747	450	761	747
806	347	664
956	737	264	749	970
916	817	164	100	779
526	897	844	80	928
836	987	824	150	836
236	977	674	260	236	101
316	937	364	937
66	387	244	195
866	457	764	275	200
26	567	14	275	320	678
276	497	894	48	900
656	857	744	618	618
986	627	784	568	21
916	997	894	916	997
346	797	574	346	155
126	507	664	91	852
796	627	903
606	507	573	542	539
596	357	623	272	371
516	347	993	529
176	487	773	769	350
326	807	103	159	430	148
26	597	583	180
636	267	953	470	688
36	357	263	357	650	921
556	157	253	105	530
856	237	113	113
596	247	523	523	859
236	17	353	353	214
306	697	243	243	288
116	507	393	393	921
456	837	383	908
496	317	663	258	492	305
876	97	773	208	240
96	497	33	618	130	179
486	997	283	778	170	778
376	687	923	308	945
276	397	23	568	841
446	417	53	198	181	446
416	217	623	361
296	267	873	91	860
356	37	583	931	931
656	967	478	902	979	967
436	187	778	280	129
26	947	538	550	550
726	77	38	970	275	589
236	447	418	844	895	800
916	937	568	634	621	410
576	604	739	739	360	408
416	434	489	330
346	174	939	660	939
866	854	829	780	498
266	264	359	150	266
486	634	379	417	170
686	634	69	634
896	194	519	371	37
436	774	260
286	144	140	115	115	492
296	74	650	478
816	894	760	318	318	802
636	554	10	636	171	592
866	524	995
556	24	355	122
286	754	965	159
986	144	785	719	940	208
386	34	595	169	903	595
526	774	815	690
586	94	655	647
636	344	665	665	900	665
416	174	15	15	840	878
556	94	125	125	480	851
106	634	525	971	160	198
196	684	483	865
366	844	458
496	794	718	319	972	718
676	834	708	150
286	174	148	320	245
166	524	728	50	275	50
966	214	48	830	966	966
256	404	778	404	122	675
316	284	408	284	327
186	424	298	424	186
596	724	528	528	282	137
746	784	268	268	490	490
516	804	516
886	324	886	240
566	994	566	827
226	994	226	994
416	764	416	416
466	54	466	466	723	723
876	734	876	801
606	54	606	51	330	818
766	694	311
916	964	681	962	183
236	904	381	262	368
116	914	351	390
766	424	421	657
896	314	321	37	730
656	14	771	14	93
386	54	301	301	760	760
276	514	551	551	650	715
916	864	311	311	830	548
336	375	602	694	551	577
656	115	712	768	190
636	275	892	748	20	748
406	75	902	406	381	250
96	95	852	341	197
136	225	402	351	827	0
386	315	50	782	309
76	105	860	192	521	607
106	315	500	729
716	455	630	630
66	285	140	140	448
806	125	480	480	806	777
996	785	390	390	996	861
196	495	684	539	430
826	335	134	118	731
686	965	804	941	430
766	985	564	11	127	0
36	995	213	649
886	145	773	773	979
856	695	853	853	856	110
806	235	583	583	421
446	985	703	728	190
236	165	773	728	120	728
966	535	143	408	421
656	545	543	401
546	453	752	318
876	813	772	188	10	188
296	33	559
666	983	479	162
606	253	529	529	100	529
46	793	699	699	880	125
76	133	29	14	133
466	733	50
536	233	967
326	963	797	963
406	623	984	818	350	350
156	993	945
796	343	835	532	835	821
76	303	455	612	778
476	143	655	952	721	952
916	23	975	909
76	453	485	500	358	524
346	973	355	355	80	791
976	493	545	976
476	143	143	65
106	63	63	255	240	868
806	393	393	8	209
756	693	693	971
296	423	423	601	960	498
226	363	363	521	757
286	793	793	151	577	540
36	63	888	812
406	453	328	619	782
866	833	678	479	110	866
136	473	428	689	924	689
176	33	478	979	33	478
66	93	48	190
776	113	338	470	470
816	633	958	944
76	423	998	884	401	170
116	893	768	605
826	173	938	895	550	938
966	473	8	473	966	310
976	383	478	478	332
946	183	98	98	183	502
186	243	888	21
226	13	38	971	290	729
336	733	988	451	730	988
16	243	498	601	394	140
306	103	306	647
336	633	336	287	760	679
376	663	376	663
136	823	136	136
776	133	481
146	33	311	384	950
966	563	941	885	404	182
136	773	941	136
816	683	171	171	270	309
266	563	991	991	410	218
186	928	854
106	621	152	359	359	152
696	11	732	599	590
846	451	52	639	464	52
956	521	532	454	532
576	291	262	654	119
796	221	902	424	505
196	481	452	144	613
66	881	982	44	518
516	901	112	424	901	397
676	121	32	685	829
336	521	212	895	120
186	721	252	905	905	253
556	831	32	998
626	741	432	968	680
916	991	402	258	850	850
536	821	732	248	570	248
946	891	812	698	55
596	991	42	528	991
126	771	202	126	470	126
236	521	972	236	337
546	961	792	546	344	546
6	961	922	961	840
356	311	482	311	190	879
946	91	962	91	360	328
386	251	582	251	363	48
36	251	180	522	929
736	211	330	372	565
696	661	330	330	369
736	441	280	280	15
816	651	500	500	68
116	781	140	484	759
876	151	750	924	85
646	651	530	335
866	101	180	635	352	188
166	741	200	395	209
786	821	270	935	103
516	621	890	705	621
856	601	990	768	990
936	851	860	428	860	543
506	491	670	998	184
386	181	910	198	424	935
46	621	80	288	165
896	501	860	298	25	172
136	711	20	438	183
126	571	640	88	571
6	781	20	781
626	591	404	79
886	691	464	905	700
56	521	854	925	521
936	311	934	943	615
716	951	254	508
296	241	524	878	878	832
336	81	364	81	400
776	741	204	741	647
636	191	773	612
126	661	863	222	661
226	351	733	659
206	201	313	245	759
206	651	413	855	620
246	141	963	835	140	679
306	1	283	275	80	275
876	81	73	895	80	688
76	691	613	613	609
236	471	943	943	505
786	731	3	3	765	339
706	881	323	323	881
666	711	803	328	370
116	111	513	968	920	968
626	931	763	626	807
6	831	803	6	6
6	341	513	341
976	931	598	392
206	721	918	922	839
766	791	78	402	849	180
756	331	428	2	110
526	361	748	762	4	95
346	541	568	162	534	541
886	641	268	882	255	799
506	11	318	662	506	506
106	701	968	762	701	762
686	961	248	352	961	397
976	261	598	242	261	724
56	151	818	430
306	561	28	390	390
136	141	838	720	720	265
946	531	368	230	230	531
26	931	298	710	615	931
36	551	308	60	36	36
776	681	448	280	681
46	521	88	894	962
816	431	38	244	362	330
806	511	678	164	869
236	381	878	434	649	730
106	631	218	634	975	209
846	761	108	244	761
166	61	818	303	339	950
566	981	438	843	725	310
546	931	958	23	23	931
426	201	428	853	201	767
241	472	472
431	782	782	678
891	82	259
661	522	149	960
51	412	60
881	342	20	445
621	22	900	415	854	22
511	162	277	162
351	822	717	720	720	525
241	112	217	864	775
461	862	757	778
101	592	844
21	142	334	142	177	142
401	42	304	917	323	42
471	432	284	925
191	52	634	195	191
871	682	204	778	895
121	172	914	686	180
821	212	354	821
981	152	95
901	512	615	512
241	362	85	362	85
491	562	245	589	562	245
531	2	885	550
961	212	115	897
691	252	865	57	252
621	702	125	684	702
31	822	325	764	790	548
841	482	45	504	206	841
91	722	275	275	320	369
911	362	425	425	450	278
421	162	275	275	784	275
381	102	795	33	102
101	12	565	101	64
971	682	565	971	388	682
11	522	723
571	232	83	571	232	254
791	962	68
31	32	388	32
741	282	998	282	355	649
101	632	728	632	101	632
241	592	68	980
591	262	298	10	262
691	832	298	694
911	32	48	784	50
771	802	978	644	975
391	322	638	684	386	527
251	872	138	775
211	962	218	203
461	342	348	423	461
561	922	298	298
511	312	498	498	312	936
751	712	938	938	850	409
931	242	948	948	540	948
631	882	998	998	844
301	482	238	238	514	410
871	462	628	786
961	732	768	886	440
321	752	508	626	184
461	742	608	196	144	742
261	952	978	261
221	32	648	221	32	585
611	2	868	611	2	868
821	772	848	821	520	545
971	312	48	971	48	613
321	632	266	677
291	982	316	687	4	90
631	422	916	916
811	332	996	996	332	427
21	702	146	146	10
691	292	456	456	510	698
21	932	286	286	20	21
61	822	376	376	304	630
141	642	56	56	303	303
251	162	296	251	890
981	782	926	981	720	979
411	622	356	411	200	375
421	142	176	421	60	168
491	392	491
211	892	211	900
371	832	371	440	158
491	382	491	987
81	2	81	584	890
951	992	951	951	992
121	492	121	121	70	588
841	682	841	841	63	63
331	0	762
871	330	732	959
21	80	182	80	308
11	530	592	394	696	77
531	460	742	945
911	500	202	258
541	940	52	708	940	708
421	670	522	438	421
161	500	12	256	500
321	920	852	486	920	248
681	90	312	681
361	440	92	361	440	789
11	830	262	11	27	830
291	920	59
561	890	69	69	890	8
61	150	150
601	0	0	235
631	760	760	655	760	631
981	110	110	715	176
831	550	550	118
871	740	740	588	740	588
781	640	640	896	781
641	870	870	641
891	480	480	891	662	955
931	840	840	931	840	168
61	630	630	61	497
751	30	30	751	397	30
51	900	784	735	519
631	20	944	173	944	29
961	760	385
771	110	25	952	404
921	240	95	462	95	921
781	10	285	309
1	580	525	669	580	488
201	850	95	289	663	95
891	990	945	990	945	891
11	130	795	130	11
531	260	205	784	283
541	170	635	635	170
201	50	645	645	50	728
541	120	145	145	824	296
491	380	975	303	975
171	270	875	353	258
471	950	825	66	950
851	200	685	26	153	685
601	80	575	46	153	748
781	60	995	781
901	550	925	901	550	379
341	150	875	341	150	758
371	900	275	371	57
491	960	498	602
241	520	838	662	756
531	200	38	200	409	583
581	560	188	560	581	560
251	940	668	835
381	70	278	465	262
321	170	438	85	362	438
841	240	18	685	240
771	650	688	688	202	688
521	360	298	298	360	521
861	0	168	168	893	45
361	210	128	128	933	128
621	50	678	246	50
391	130	898	391	284	462
981	620	848	981	173	835
831	390	346	831
451	330	926	451	762
861	510	336	861	662	38
81	460	656	81	460
91	500	26	91	500	779
391	890	56	391	890	890
741	910	886	741	910	728
261	140	66	261	140	66
171	710	66	171	814	66
631	230	116	631	203	755
761	740	486	761	263	98
141	600	141	122	848	729
741	450	741	450
461	20	461	67
311	970	311	767	970	878
591	290	591	938	772
851	410	851	538	412	639
931	680	931	931	680	168
731	937	342
981	847	892	255
1	227	372	55	372
541	517	252	705	252	705
111	787	62	175	660
371	837	332	498
501	307	252	501
501	877	192	501	485
461	867	752	461	766
31	607	830
551	907	640	402	907
401	127	390	592	401
511	997	490	490
491	247	850	850	478
131	947	100	100	131
851	317	560	234	605	560
491	507	210	464	858
821	67	170	304	138	585
891	7	970	264	258	676
921	67	500	164	36	921
641	657	580	625
751	907	280	925	542	818
521	717	780	538	780
531	147	420	168	420	986
271	777	990	346	990
641	317	900	16	900	16
891	97	640	976	734	976
121	97	790	121	832
731	617	40	731	964	585
671	957	824	972	466	824
451	997	934	525
281	967	624	165	980
211	197	424	63
521	687	424	538
421	517	814	468	99
191	267	214	408	426	191
531	307	124	178	531
631	747	654	506
411	837	934	306	105
481	737	903
631	767	433	305
741	327	993	985	570
131	827	653	653
211	497	923	923	724	279
371	337	303	308	560
131	87	193	878	744	852
631	677	713	238	875
691	187	3	308	3
491	707	53	448	53	845
121	297	863	698	121
201	37	783	576	210
131	577	508	732	134	965
281	427	148	842	896	427
751	367	268	732	396	751
531	877	268	840	842	229
411	957	578	680	922	411
931	557	778	610	610
111	467	68	570	595	570
241	937	918	620	496	937
651	607	818	883
111	787	368	623	662	111
251	347	8	363	420
251	57	778	203	975	720
131	654	442	643
581	974	612	858
761	434	422	118	422
301	214	699
831	864	29	370
391	654	39	790	39
511	534	620
511	224	430	959
661	584	330	865
271	514	650	508
771	274	920	168	920	179
921	354	750	758	750	758
651	844	605
231	184	535	609
351	184	455	139	360	358
41	464	155	530
181	234	335	160	312
601	794	245	20	902	245
241	914	565	120	849
581	764	15	220	764	989
421	34	665	665	980	419
81	304	415	415	620	978
761	334	75	75	600	761
941	514	45	223	296	512
931	704	545	931
891	724	225	891	302
581	234	405	581	700	659
911	134	375	911	10	328
861	264	35	861	264	940
1	94	988	882	299	130
871	794	778	280
321	544	78	520	499
51	824	38	610	38
41	454	548	548
391	904	198	198	540	391
931	554	76	762	65	240
701	554	566	102	358
551	254	551
181	854	181	132	835	563
741	104	741	442	348
721	824	721	950
231	244	231	470	938
421	704	421	277	0
331	4	331	197	580	408
841	84	841	84
31	644	31	644	52	85
41	764	41	764	980	825
761	314	761	818	360
371	184	371	371	390	798
401	734	401	401	734	730
531	873	662
371	193	922	959
631	923	22	389	500	988
391	463	952	606	391
131	483	282	131
171	633	122	171	633	122
901	173	459
701	413	239	239	530	538
731	273	489	320
901	973	470
481	903	460	919
461	283	200	461	283	200
601	333	697	260	358
881	143	977	143
321	223	324
341	433	994	6	400
721	43	354	721
581	963	65
591	123	995	322	995	591
451	903	925	950
211	783	875	960	969
181	193	65	210	38
391	173	645	984	766	797
331	363	945	574	331	600
371	653	935	935	260	338
341	723	385	926	723	818
951	313	313
1	303	303	125
431	183	183	98	314	970
491	523	523	388	523	523
211	263	263	966	877
321	653	653	321
111	283	283	111	870	868
881	373	373	881	557
891	103	638
911	603	598	722
121	943	228	282	227
1	763	918	22	285
711	613	318	780
491	593	288	610	759
901	643	868	70	868	643
581	963	178	24	24
141	233	778	25
721	133	698	133
671	733	68	733	924	249
821	673	258	673	816	560
61	23	588	588	114	749
351	953	398	556	840
541	563	158	926	563
131	123	798	131
801	813	418	801	52
201	263	626	587
201	583	886	537	750	648
461	903	856	856
371	383	106	106	640	658
891	563	506	891
681	593	296	681	593	465
451	933	451
981	203	981	372	88	372
381	103	381	770
31	263	31	420	428
851	923	851	787	330	768
681	43	681	43
661	823	661	823	968	222
221	543	221	221	160	458
101	678	382
431	458	542	9	740
451	308	102	819	340	308
11	118	22	437
211	528	262	604	245
841	428	832	584	841
321	158	152	225	321
661	688	402	46	227
71	858	422	256	256
61	108	770	382	9
71	598	390	262	71
211	38	450	450
991	988	860	860	49
961	938	170	170	855
571	388	480	395	899
721	218	400	66	66
161	68	450	556	161
361	578	540	361
281	978	784
601	528	414	132	909
741	818	444	380	589
581	168	604	900	55	900
481	978	654	450	5	906
251	448	214	210	448
741	298	604	55
431	258	974	65	360
311	578	164	493
861	538	254	793	229	200
371	618	704	313	618
261	558	374	953	266	100
961	158	764	796	961
881	898	734	881	310
691	8	594	691	353	185
171	958	344	171	23	958
221	218	723	442	221
951	808	743	439
921	138	133	209	40
121	38	403	455
231	68	473	765	2
191	438	483	135	50
671	318	473	5	110	318
91	678	293	293	91
691	668	723	691
781	988	673	781	437
121	356	532	228
831	126	820	698	820
421	946	800	421	946	800
791	786	304	802
551	826	254	605	110
591	676	591
